[-24.213175,5.595254] 20
[21.859302,11.6696315] 30
[7.539146,7.120074] 30
[-25.614021,-14.6487035] 30
[-51.329292,10.614096] 30
[-171.234532,-11.3101985] 40
[43.80066,-28.202932] 40
[59.837413,-25.2665095] 40
[178.781338,-1.9897275] 40
[-152.570944,-33.660809] 40
[86.657843,-1.8798415] 40
[11.091314,-40.3295845] 40
[136.701896,1.029275] 40
[144.78443,35.8981545] 40
[-110.230304,-9.587235] 40
[42.490936,1.7837785] 40
[52.390288,-15.485849] 40
[121.128643,31.017803] 40
[121.929032,-14.943149] 40
[-142.270474,25.173166] 40
[-97.52384,-12.2651605] 40
[-169.229963,26.4579685] 40
[54.764225,-2.474531] 40
[-124.05351,-13.6232955] 40
[105.621481,11.1104125] 40
[142.393205,15.965442] 40
[117.019068,30.658031] 40
[-112.594995,8.8238385] 40
[74.314289,-18.7168615] 40
[-109.268404,11.8313625] 40
[-0.999652,-36.6261815] 40
[97.050402,-2.7606075] 50
[125.681058,-9.521994] 50
[37.110722,-16.8819655] 50
[42.704778,-18.5715585] 50
[-11.729661,-4.331086] 50
[-11.995945,8.249589] 50
[-22.263897,0.4199445] 50
[-25.785847,-15.0517645] 50
[4.45913,19.6967125] 50
[-136.716087,13.613717] 50
[131.448473,42.916539] 50
[-46.58241,-3.659966] 50
[34.107753,6.4117865] 50
[3.903436,-12.016203] 50
[-39.787751,7.317488] 50
[-163.359531,22.1067735] 50
[-44.043342,-5.6467945] 50
[-167.737611,-27.2340175] 50
[-128.523101,-30.142553] 50
[119.401552,-14.164079] 50
[-133.410167,30.0636405] 50
[-153.6275,-9.7146165] 50
[138.835903,18.3221945] 50
[-132.559492,26.6199885] 50
[0.121264,-20.9651255] 50
[121.31766,-4.197298] 50
[-51.581065,40.5234305] 50
[-25.526098,12.2213225] 50
[9.704621,-24.748085] 50
[-114.876916,0.8690405] 50
[155.589447,-6.047562] 50
[-84.413605,29.1205825] 50
[128.705696,-4.0209175] 60
[-35.76147,9.1193335] 60
[151.96172,-8.442174] 60
[145.640553,15.985656] 60
[-83.70924,-15.9439855] 60
[-176.309453,-13.352414] 60
[163.269427,6.746768] 60
[64.950117,-3.8555675] 60
[-179.665456,-14.545063] 60
[-173.090863,10.698314] 60
[170.794296,8.4905155] 60
[160.27557,-23.6972735] 60
[-60.064285,-11.1469235] 60
[65.248628,41.226328] 60
[-175.780131,-14.095906] 60
[-131.345024,-8.826536] 60
[-97.816226,8.719787] 60
[-62.829946,2.613104] 60
[-119.493333,-13.976854] 60
[-164.436286,22.995123] 60
[-35.676599,-0.522741] 60
[139.387693,-5.846954] 60
[-69.333487,2.651813] 60
[-163.013814,30.6061155] 60
[138.912862,19.3050885] 60
[132.319186,30.127206] 60
[-143.814747,32.3885625] 60
[-126.330598,-24.082793] 60
[3.57755,-0.8870225] 60
[-27.735257,-14.9548485] 60
[122.452989,30.211758] 60
[131.313968,-12.5339925] 60
[116.395519,-51.6884195] 60
[179.18885,-14.223608] 60
[-69.900436,17.2870385] 60
[-88.023758,27.093743] 60
[-37.959997,-18.3155475] 60
[-100.279795,-15.293797] 60
[-96.42569,-12.6677675] 60
[-37.50116,-20.341548] 60
[96.41395,19.2118645] 60
[156.598021,-9.182572] 60
[-34.574113,3.659975] 60
[-124.414398,-3.290742] 60
[-156.083783,1.9288835] 60
[-167.4151,19.6073125] 60
[74.89325,-18.035968] 60
[21.302828,26.6428205] 60
[-165.125387,-28.5177565] 60
[85.772781,-32.328701] 60
[67.249997,-2.1755565] 60
[-8.183067,-17.41293] 60
[59.26681,11.361359] 60
[-124.94011,2.5774] 60
[50.887116,2.765721] 70
[-80.346191,27.7846495] 70
[-131.817299,-22.9186405] 70
[107.698287,-56.770575] 70
[-20.024631,-33.130843] 70
[-125.516687,19.6391645] 70
[-2.374216,-13.1590055] 70
[125.910188,-36.5020845] 70
[132.976329,-24.651651] 70
[-28.269027,-27.1102875] 70
[148.233201,18.0658705] 70
[-139.114202,-31.291191] 70
[-139.01214,6.7015525] 70
[-122.969858,1.7291085] 70
[-3.017948,-17.4717915] 70
[61.568738,44.595919] 70
[108.585262,-24.055444] 70
[-69.65977,-10.223955] 70
[78.136554,1.3493125] 70
[4.491539,-35.893639] 70
[22.715168,1.7069575] 70
[-51.06531,-18.4941605] 70
[116.037635,-51.506388] 70
[-33.331909,4.316098] 70
[125.362476,-3.8820985] 70
[4.006503,37.9457295] 70
[141.708432,-27.744342] 70
[28.854207,-25.3332505] 70
[101.679329,4.7720375] 70
[113.576596,-52.4486105] 70
[136.478616,1.8237565] 70
[-48.72083,-16.8365055] 70
[-162.679388,21.838157] 70
[-68.713747,-23.61113] 70
[-167.422131,-13.4355315] 70
[118.996306,-3.8332785] 70
[-119.85226,-6.920382] 70
[-174.40844,22.0609525] 70
[-177.428596,16.7915175] 70
[154.792289,29.383276] 70
[-82.589611,-22.4219505] 70
[140.513789,15.660897] 70
[-114.805515,-9.1273115] 70
[148.591733,-25.2715375] 70
[-51.510761,-5.843683] 70
[-20.695893,-18.021316] 70
[116.405061,-53.0710415] 70
[-167.683538,-2.446826] 70
[148.315283,45.228353] 70
[161.729999,9.877669] 70
[5.876146,-49.329383] 70
[112.606246,3.429845] 70
[161.445115,-8.155588] 70
[-135.031735,-36.4474105] 70
[-158.995097,-1.4022855] 70
[21.300357,-0.1059605] 70
[122.516447,-3.98844] 70
[-157.209662,25.198644] 70
[-22.892339,-25.5022] 70
[140.818143,6.105006] 70
[-102.11434,26.536869] 70
[125.239912,-3.358283] 70
[-160.915731,32.0677435] 70
[121.94325,21.1943145] 70
[3.642299,19.7237705] 70
[131.129902,-21.746539] 70
[-32.233245,-13.889532] 70
[41.560379,-11.4082885] 70
[83.865494,9.519058] 70
[119.248991,-2.508615] 70
[-170.691064,-25.6331475] 70
[104.737591,8.585554] 70
[28.750748,-3.6261395] 70
[-100.71425,-14.1412445] 70
[30.856147,19.7769485] 70
[87.450781,4.8247345] 70
[124.749617,-28.156186] 70
[27.191298,13.3599535] 70
[66.620712,26.7797795] 70
[76.285929,16.3780005] 70
[56.84174,-24.7186805] 70
[-153.514619,-21.167423] 80
[-66.890397,-33.1715645] 80
[-54.424842,32.052308] 80
[-144.852157,-15.8665635] 80
[59.826864,19.3191645] 80
[-54.355469,-15.432736] 80
[60.870978,14.938102] 80
[78.038384,9.527507] 80
[-135.122748,-55.5477875] 80
[-163.937212,21.743448] 80
[164.324217,9.538947] 80
[-107.858764,27.0970995] 80
[84.334422,-7.470946] 80
[-107.658093,-29.6016625] 80
[-12.55812,21.0495235] 80
[161.606041,-40.1279535] 80
[68.163306,-13.5321635] 80
[-17.528561,-12.462861] 80
[7.08517,11.7517155] 80
[33.984187,31.3533215] 80
[-102.447577,28.1949695] 80
[-32.137895,-14.910167] 80
[43.019826,0.6401945] 80
[36.54107,0.208538] 80
[-5.421725,42.067424] 80
[116.565591,7.341718] 80
[138.95454,13.1782255] 80
[22.722909,-5.4907795] 80
[70.613614,26.7307445] 80
[-82.426539,18.27006] 80
[108.881273,34.1700555] 80
[122.956224,40.1715885] 80
[126.149646,-25.1214285] 80
[78.119124,32.013287] 80
[-19.951388,-18.6852685] 80
[151.458273,7.943671] 80
[-151.404602,-11.9699155] 80
[-54.757963,0.3651335] 80
[113.122048,11.921591] 80
[154.664019,-6.534341] 80
[70.760849,-7.589165] 80
[2.425868,-14.680397] 80
[167.372842,2.8520835] 80
[33.825155,4.919529] 80
[-160.930575,-11.07132] 80
[8.054793,-23.001989] 80
[-41.604996,10.216809] 80
[-106.556716,19.9936385] 80
[-176.7197,12.4201445] 80
[22.370221,-14.797446] 80
[20.29096,15.035414] 80
[-30.179532,-46.420398] 80
[-167.354037,31.640076] 80
[4.753313,-29.6554055] 80
[-105.94433,20.024821] 80
[21.324638,-31.0506625] 80
[48.002204,0.619145] 80
[88.604033,-33.4485835] 80
[-101.657216,-17.0664425] 80
[12.272907,-4.194986] 80
[-42.756639,4.197434] 80
[70.105204,-7.1358615] 80
[-173.878871,12.655761] 80
[24.682106,36.49465] 80
[-75.877007,-0.070486] 80
[-18.34904,18.6926025] 80
[-31.448759,-16.546275] 80
[112.627969,29.543713] 80
[172.170526,-8.0727695] 80
[-173.332052,12.7470195] 80
[7.041419,-3.619011] 80
[73.334497,18.9394475] 80
[63.65635,4.0396145] 80
[-135.717557,25.471303] 80
[67.833475,-6.166299] 80
[169.606708,31.1043215] 80
[89.092838,23.347171] 80
[135.467128,-18.261198] 80
[142.574774,-17.746261] 80
[152.938256,-5.1016165] 80
[12.525859,14.0536465] 80
[-167.586159,-20.7487945] 80
[50.65768,-23.653011] 80
[-105.062184,34.9724585] 80
[-17.451372,-30.6069375] 80
[77.706661,-12.1863015] 80
[-47.109417,-29.380052] 80
[-149.965441,28.6016155] 80
[-48.058235,34.650594] 80
[-170.985998,19.266132] 80
[64.4571,-0.62304] 80
[-66.810318,2.7058045] 80
[-128.717905,-9.2356605] 80
[-134.307419,-34.0421195] 80
[46.084275,40.023786] 80
[-147.417065,17.4327575] 80
[93.799853,-19.9868465] 80
[-40.529009,-4.364149] 80
[-21.030036,-23.69055] 80
[-127.770948,37.047548] 80
[-126.207504,-28.8359785] 80
[156.734776,7.8513345] 80
[7.486032,-9.520048] 80
[160.848723,9.3320485] 80
[-78.494451,-7.521856] 80
[55.206765,-26.2349695] 80
[67.88461,-4.111168] 80
[64.6671,-16.536198] 80
[19.277445,19.038645] 80
[32.313848,14.2054915] 80
[38.392324,-3.2102975] 80
[-56.038078,21.4278655] 80
[-141.48863,24.6582555] 80
[119.015562,40.2522005] 80
[-73.468059,3.154411] 80
[160.785121,-8.9713225] 80
[140.606948,-21.6970575] 80
[171.258008,6.179332] 80
[88.114211,-13.4051865] 80
[169.847537,-11.547008] 80
[-134.829715,-35.7264855] 80
[170.554464,-15.2062695] 80
[-154.158984,-42.289984] 80
[-150.173684,0.2084795] 80
[-129.954719,15.094551] 80
[-176.317971,8.5149935] 80
[-48.8562,-28.9672815] 80
[-9.791302,-10.5050315] 80
[3.703372,19.1687245] 80
[22.707395,7.441419] 80
[-8.738853,-28.521753] 80
[-170.253529,-3.094284] 80
[-167.649528,-1.67716] 80
[142.775447,17.729781] 80
[176.145836,21.435999] 80
[42.577448,-20.1140545] 80
[-171.540342,21.8013995] 80
[-31.729468,-24.763208] 80
[71.304328,-9.605137] 80
[146.188293,-43.779694] 80
[-145.074875,32.393943] 80
[80.745497,-28.1524035] 80
[-57.928596,20.8367425] 80
[69.733075,8.3300275] 80
[31.559816,26.547388] 80
[-51.624835,11.866285] 80
[-169.908035,-19.6361035] 80
[-176.978607,12.3382565] 80
[95.386139,18.8619995] 80
[-142.112328,33.5535625] 80
[-73.928138,-14.130664] 80
[95.358683,-8.350206] 80
[179.146782,18.3661455] 90
[21.656867,-46.774987] 90
[-2.23581,7.5877105] 90
[134.40639,26.481221] 90
[-56.740635,-15.122812] 90
[-170.092029,-21.571228] 90
[91.611882,13.8145025] 90
[60.791547,-10.515118] 90
[-69.108672,-26.86798] 90
[171.800883,-29.2774675] 90
[87.452817,28.3542445] 90
[-22.73032,28.0690575] 90
[-18.684506,-34.514547] 90
[-119.744677,-35.991316] 90
[70.745091,2.115018] 90
[58.994323,-2.5015405] 90
[1.06174,6.6238375] 90
[69.027129,-19.723558] 90
[-60.928542,19.107829] 90
[-66.160742,4.018761] 90
[-135.699554,37.446911] 90
[-163.466664,-43.2553845] 90
[-39.703924,-0.0548525] 90
[-64.384112,9.605539] 90
[-38.484063,38.642154] 90
[78.760828,-6.412248] 90
[151.288765,11.0458005] 90
[157.115459,7.02047] 90
[149.805711,44.997418] 90
[114.006032,-21.364163] 90
[-34.979183,-30.7407735] 90
[-152.969073,1.2536095] 90
[-37.774096,20.0546055] 90
[8.992442,-48.3590695] 90
[101.237312,-18.339781] 90
[-53.779816,-8.458394] 90
[-68.50828,-32.7626655] 90
[17.343523,16.2184855] 90
[-115.585382,27.731185] 90
[-17.896224,-13.1635205] 90
[-144.949129,-21.8962495] 90
[157.870963,-4.50171] 90
[-141.610097,37.2973595] 90
[-107.273337,-13.6348335] 90
[71.440303,-17.671804] 90
[-86.504424,2.746836] 90
[140.647441,1.081185] 90
[-26.477478,13.0234395] 90
[-167.9276,-22.2788165] 90
[-86.254372,11.7212695] 90
[104.462288,15.2543655] 90
[144.657667,-15.7139915] 90
[117.457285,34.362107] 90
[-57.666207,-34.8752125] 90
[135.689971,-31.7641595] 90
[134.590249,-3.421931] 90
[-96.29915,-4.6467425] 90
[105.845293,24.0599575] 90
[-178.313402,30.062803] 90
[-3.649554,-16.362168] 90
[163.684665,-0.3539895] 90
[164.373475,39.1395715] 90
[-175.992086,9.969548] 90
[46.687823,-27.935188] 90
[-45.452017,-12.666777] 90
[-88.764121,-31.3547385] 90
[-59.172711,44.273353] 90
[148.459715,38.2753765] 90
[110.744541,-10.3094975] 90
[174.917998,22.537679] 90
[-117.173842,-22.3495695] 90
[-146.804507,12.114855] 90
[-81.932278,-19.9179125] 90
[-88.622482,-23.5646015] 90
[0.164443,-7.0251795] 90
[163.914078,-9.025622] 90
[-87.233825,-14.6015465] 90
[-35.839279,34.0370515] 90
[-89.972715,-27.648424] 90
[41.071291,24.521983] 90
[-179.46533,-16.794411] 90
[159.388512,-13.3438915] 90
[-82.085876,28.0577215] 90
[158.919891,-17.3144405] 90
[-81.323222,31.9496305] 90
[125.503187,-1.099635] 90
[131.959821,41.317618] 90
[-169.923708,39.661885] 90
[-47.349139,-39.876552] 90
[-80.85563,-6.1094365] 90
[81.401746,-31.467364] 90
[133.578045,17.825372] 90
[-92.771094,-12.756083] 90
[139.951175,10.4769755] 90
[-71.360707,-9.375893] 90
[51.497867,21.609114] 90
[-137.088383,-25.613918] 90
[149.489757,-42.4669345] 90
[-17.840879,-7.3622605] 90
[-74.966796,-5.336971] 90
[9.124773,-43.850869] 90
[-59.351503,7.4339325] 90
[-13.381399,-0.187885] 90
[102.286859,-6.419835] 90
[-117.209446,-21.562173] 90
[-152.206081,-33.2022485] 90
[103.479813,10.045285] 90
[149.446031,-26.6858825] 90
[27.303767,-22.3743] 90
[156.414623,-12.2665735] 90
[41.263842,40.6839815] 90
[76.000664,3.3043595] 90
[-127.197357,-30.865114] 90
[-156.168143,-7.2712745] 90
[105.361887,18.130128] 90
[82.74616,15.00822] 90
[4.447736,29.0303565] 90
[-135.270501,-17.706067] 90
[50.531689,1.6238805] 90
[-72.325249,-9.21656] 90
[-149.379398,21.3841975] 90
[-70.427611,18.367949] 90
[-83.03143,49.0939595] 90
[70.271742,14.4480935] 90
[126.518353,16.645736] 90
[-11.533517,4.3810065] 90
[46.486607,25.167796] 90
[49.189793,45.9390555] 90
[68.659965,-4.5767325] 90
[-25.791745,37.2083805] 90
[-165.990496,22.9705895] 90
[37.875733,23.968872] 90
[-124.309567,29.2829575] 90
[-108.878224,19.678093] 90
[87.946519,-16.3618515] 90
[-100.145567,-16.4592315] 90
[-176.971706,-7.648851] 90
[1.986196,-6.8331255] 90
[124.040596,-6.4041815] 90
[-16.521272,19.967808] 90
[-156.492054,-7.48022] 90
[31.107009,15.7557765] 90
[37.641856,-10.161047] 90
[-129.497882,-10.8753395] 90
[33.099356,-9.814926] 90
[-150.068847,-0.8215525] 90
[-160.978658,-32.5965125] 90
[111.127296,33.7079805] 90
[-69.683503,21.933636] 90
[91.224982,42.9399455] 90
[136.066696,19.6016945] 90
[76.789192,15.8937345] 90
[-168.700676,21.905854] 90
[-11.151818,-12.1694425] 90
[-28.804245,22.73828] 90
[-179.095332,4.230384] 90
[42.001062,36.7603335] 90
[-174.844314,-59.206447] 90
[-163.468858,-19.6851975] 90
[-18.873607,-6.9137665] 100
[-176.089657,-46.250893] 100
[24.065052,-30.031976] 100
[-153.02126,-7.807242] 100
[155.024796,-26.580793] 100
[4.442349,45.3298495] 100
[-165.834364,-45.91708] 100
[-74.096902,-35.215222] 100
[-177.188445,31.80402] 100
[98.30929,-36.677718] 100
[-104.115786,-29.3550875] 100
[-39.015028,39.07372] 100
[23.731,-16.708879] 100
[-171.504252,-32.948567] 100
[112.844095,-2.5214985] 100
[-121.143947,-4.5395095] 100
[-47.257149,35.7693765] 100
[8.688475,-28.046864] 100
[-105.026286,-54.8045315] 100
[37.210629,37.257155] 100
[-103.876117,22.1428805] 100
[-129.875084,-26.021862] 100
[5.331656,12.345105] 100
[-165.618032,-2.1753745] 100
[32.023186,-2.0388565] 100
[155.130281,-32.070791] 100
[-178.703807,-16.6243965] 100
[-61.243024,28.6679835] 100
[77.585624,-9.062905] 100
[107.573006,14.0862985] 100
[-70.602923,-11.402911] 100
[156.392176,37.2037265] 100
[-146.515805,-38.0975905] 100
[87.27493,-33.0733615] 100
[45.763596,-11.352287] 100
[114.939342,36.414167] 100
[164.753763,0.979647] 100
[-45.739987,-38.6118285] 100
[-95.92348,12.630363] 100
[-22.244328,-27.975479] 100
[28.620143,-23.8417345] 100
[116.970038,38.707781] 100
[48.861095,-26.925002] 100
[-104.13867,36.547689] 100
[147.853488,7.139272] 100
[-147.18099,5.5215195] 100
[10.200583,-20.744861] 100
[153.940328,-22.3190485] 100
[109.827488,-13.5458965] 100
[-111.045679,-3.5201925] 100
[-127.748222,-29.373687] 100
[-155.512437,32.351605] 100
[21.866483,-22.5519585] 100
[164.753285,23.80238] 100
[-171.239286,-24.636314] 100
[-31.053557,-46.479865] 100
[60.317903,28.363754] 100
[129.102455,-24.32923] 100
[-178.513235,8.5200955] 100
[-134.422728,8.338087] 100
[-130.788289,-7.414351] 100
[-42.853708,6.8855585] 100
[57.360789,3.686483] 100
[5.058329,-24.363829] 100
[-18.981503,-24.2407565] 100
[-35.432748,43.8436405] 100
[-84.006016,15.866289] 100
[24.646983,-19.3921575] 100
[22.272986,-44.3916865] 100
[5.153281,17.0433695] 100
[-36.919633,32.075503] 100
[-29.664687,-28.988086] 100
[-138.646898,-43.213949] 100
[-84.501323,-22.490776] 100
[60.69866,12.4938865] 100
[46.963593,-27.057797] 100
[142.937069,5.208225] 100
[79.509001,-37.2508675] 100
[-33.906657,32.133415] 100
[158.165548,-8.0376825] 100
[-107.065117,27.149236] 100
[-130.560968,38.666303] 100
[-20.589582,19.2609565] 100
[5.871129,-18.8008825] 100
[-129.820809,-10.818392] 100
[139.654639,38.3323585] 100
[-119.408666,26.0873475] 100
[94.078501,-25.128727] 100
[-146.537557,-6.497611] 100
[87.837376,-20.9574465] 100
[-41.558504,29.9616185] 100
[-116.302304,3.5020245] 100
[2.779629,38.7806445] 100
[103.738794,20.45903] 100
[-4.716204,17.04543] 100
[103.514248,-31.3439435] 100
[-166.949357,-28.6532165] 100
[132.375695,41.5217075] 100
[58.660755,-58.4685175] 100
[153.27842,-6.492789] 100
[78.221696,-16.43855] 100
[-111.587548,-42.1846865] 100
[-30.149051,-0.7179825] 100
[101.433687,22.238909] 100
[-26.648341,-24.2357705] 100
[-146.043794,-37.8287685] 100
[147.69416,-46.0495545] 100
[172.33719,2.0317155] 100
[-130.921333,5.965381] 100
[2.908245,-5.7113665] 100
[-11.427194,1.863582] 100
[53.079967,-32.1117725] 100
[-117.381637,27.808246] 100
[-150.994694,3.351012] 100
[-158.778653,11.0866185] 100
[41.645506,45.60278] 100
[22.21368,56.819883] 100
[47.38294,0.650499] 100
[82.819171,-17.1818825] 100
[46.178211,44.502177] 100
[158.524614,-27.182853] 100
[85.789104,7.4968815] 100
[-151.022282,-33.7138565] 100
[-11.212946,28.5110185] 100
[165.526987,19.6303365] 100
[162.380812,22.523047] 100
[37.49523,4.5031585] 100
[42.162838,-11.4365165] 100
[-161.627356,-18.3521825] 100
[110.448337,-3.5219025] 100
[-102.109438,14.24561] 100
[147.281596,-40.963594] 100
[-49.975532,-45.646044] 100
[93.947069,22.701309] 100
[-159.583117,9.7042975] 100
[4.539706,38.62429] 100
[-155.273675,9.639269] 100
[-33.268841,32.1154155] 100
[54.788215,2.431609] 100
[-82.067516,-39.258835] 100
[-136.858334,29.746243] 100
[106.01595,-10.7772885] 100
[44.74086,24.905266] 100
[-39.657585,-15.633494] 100
[-78.631256,18.076341] 100
[70.340312,25.4665315] 100
[-64.936966,-43.0077105] 100
[74.103236,24.952498] 100
[-17.496596,7.3404095] 100
[141.258093,1.2911305] 100
[-35.578894,-27.9842845] 100
[-47.766434,-14.0795665] 100
[-153.660726,-32.325114] 100
[11.059865,31.7406665] 100
[-24.333215,13.4556115] 100
[-130.086289,-13.259903] 100
[14.071632,-14.1076015] 110
[12.394587,-48.3402915] 110
[-136.472879,-34.608775] 110
[-91.325741,41.087659] 110
[152.266988,32.692997] 110
[121.783514,-20.9905035] 110
[21.635742,-34.023401] 110
[55.196985,-16.8264145] 110
[-147.416968,-39.324408] 110
[-110.288743,-17.4221575] 110
[-17.654448,27.6110255] 110
[179.333678,34.1356725] 110
[57.235445,-40.476685] 110
[-40.642955,-16.19208] 110
[-106.814188,17.4877935] 110
[-55.340628,-44.4337295] 110
[-76.589959,-22.2957005] 110
[165.996319,-36.1889245] 110
[-71.034046,9.1078105] 110
[-9.142871,28.305694] 110
[59.258953,-14.557843] 110
[156.487843,42.413913] 110
[-30.789089,-23.7811495] 110
[-2.844621,-38.126503] 110
[-78.592871,22.1427145] 110
[50.243742,-25.3571375] 110
[35.051403,-54.303873] 110
[-112.432253,0.4694215] 110
[-137.649875,23.956317] 110
[7.420231,30.4973285] 110
[-170.560766,-52.878071] 110
[-88.958431,53.1187505] 110
[-29.80043,-17.9400145] 110
[86.533336,39.254877] 110
[33.741116,8.7639555] 110
[161.716624,40.6984585] 110
[90.995485,-19.082321] 110
[-130.801339,-3.073693] 110
[-3.820271,14.8522515] 110
[-101.341487,20.499587] 110
[-75.730435,-23.6434345] 110
[38.261738,-30.868244] 110
[-139.367823,-20.975526] 110
[70.889884,-9.0135195] 110
[-167.279791,32.7208395] 110
[-111.309194,-20.301906] 110
[162.064747,-38.880568] 110
[-22.460155,-24.068481] 110
[55.012499,48.439368] 110
[-98.029089,29.6437825] 110
[-48.061246,5.6899115] 110
[162.996027,-9.3655115] 110
[47.807178,-44.715574] 110
[141.927948,-26.6476325] 110
[75.988722,13.8388225] 110
[-139.462875,-44.6685645] 110
[105.235376,-36.9606725] 110
[87.539596,-29.485559] 110
[137.40342,31.116854] 110
[-39.559942,21.1579125] 110
[6.438404,46.831311] 110
[-96.764018,-28.7182605] 110
[125.3469,-13.8545065] 110
[-135.600044,-24.5354585] 110
[-133.863646,-40.307811] 110
[-51.940639,-38.855765] 110
[-159.757251,14.0713745] 110
[44.490348,-19.1233365] 110
[-91.935168,-36.4337185] 110
[107.998501,52.677691] 110
[3.093243,0.3170485] 110
[-59.263956,-12.9839085] 110
[-178.314714,17.511901] 110
[103.657146,-11.9086275] 110
[174.29184,-27.9194795] 110
[-134.210252,10.638265] 110
[-98.177437,-45.8270105] 110
[152.289479,-20.174926] 110
[-165.536826,13.438872] 110
[-97.224191,6.473307] 110
[58.336665,37.479379] 110
[66.059342,34.7461065] 110
[-0.102396,22.4485805] 110
[103.494223,1.176456] 110
[-120.171429,33.4254305] 110
[143.828553,-21.3302595] 110
[-135.673535,-19.141766] 110
[-133.235365,-23.030122] 110
[-93.582712,37.0929845] 110
[-113.6011,35.380528] 110
[-4.444213,-2.8827395] 110
[-32.701378,5.975999] 110
[-71.873913,-11.568471] 110
[-0.118634,29.3152205] 110
[-35.331791,-24.928657] 110
[-95.290662,-18.1509055] 110
[27.76531,-50.9975825] 110
[-101.752318,-13.4444395] 110
[15.155035,-12.009909] 110
[25.142461,5.143878] 110
[-175.144467,-32.8984215] 110
[-100.65819,28.766839] 110
[-30.317959,15.8444435] 110
[73.494436,17.1319355] 110
[14.244018,-30.918802] 110
[91.650789,-18.428857] 110
[-145.234554,-37.154324] 110
[167.565551,37.075975] 110
[-93.106618,-21.562611] 110
[-166.130007,-53.7634705] 110
[-96.520782,6.0758465] 110
[138.701941,25.6792395] 110
[-151.319989,-17.8262215] 110
[-170.131614,14.943464] 110
[58.395693,24.188585] 110
[138.769146,-42.6625885] 110
[-137.581001,34.4328835] 110
[87.461691,-24.3970645] 110
[77.747864,48.286705] 110
[-169.858845,-13.215058] 110
[51.841929,-46.143751] 110
[-160.740218,50.74608] 110
[136.061099,20.481969] 110
[51.907773,-41.450905] 110
[-123.323066,-31.078362] 110
[-105.246652,-18.472748] 110
[-154.013743,7.545211] 110
[92.839241,34.048654] 110
[36.561202,27.07229] 110
[167.642107,35.0172985] 110
[41.848947,-24.830708] 110
[60.815147,21.126594] 110
[-135.601209,-24.4902435] 110
[73.570787,33.9868725] 110
[-154.323139,28.265927] 110
[108.56491,-21.42126] 110
[57.828783,32.595171] 110
[-7.750021,11.554042] 110
[48.026011,-30.555952] 110
[62.971164,-12.7632445] 110
[-43.742097,31.4184165] 110
[25.873942,16.0139] 110
[-52.408677,29.962179] 110
[32.942191,-44.108825] 110
[110.633296,47.1462115] 110
[119.541516,28.929116] 110
[-27.580793,-47.268601] 110
[-122.074937,-1.2466665] 110
[-76.877543,25.4743765] 110
[-100.938172,-27.373806] 110
[44.925839,-7.2518695] 110
[111.935428,-39.5740645] 110
[107.079339,-38.7229995] 110
[-174.657118,22.893023] 110
[6.980885,23.501302] 110
[-103.349843,-30.111776] 110
[85.221783,40.905028] 110
[110.28249,-28.113885] 110
[-55.236225,-9.3730705] 110
[-32.903049,-23.4666455] 110
[129.245896,17.450729] 110
[-25.409549,8.476857] 110
[33.823386,-29.7216685] 110
[115.894404,36.818561] 110
[50.110939,-10.853065] 110
[123.970554,11.5950725] 110
[9.24078,-14.985642] 110
[-68.865152,-2.6393705] 110
[-97.256799,-49.112375] 110
[6.597576,-4.2877845] 110
[-82.215889,19.688976] 110
[-31.247351,5.968669] 110
[150.434029,37.398951] 110
[-167.483038,-40.2156125] 110
[170.751047,-38.864836] 110
[-154.100755,12.422829] 110
[-149.354227,-35.6190595] 110
[-142.687016,-6.20162] 110
[-125.012831,30.5036015] 110
[-169.41034,-50.1636415] 110
[-41.858484,11.381858] 110
[0.326838,29.0531105] 110
[50.499774,38.3105475] 110
[-122.108119,40.949786] 110
[109.60639,24.9948365] 110
[79.363493,-33.6766755] 110
[-118.926527,13.7077765] 110
[-7.911209,11.5666675] 110
[-68.483415,51.456355] 110
[129.489027,42.687138] 110
[132.763491,-14.7890425] 110
[66.736322,5.316565] 110
[81.992112,27.915779] 110
[-88.22593,-7.0638695] 110
[141.632281,-13.945101] 110
[88.808111,14.7366765] 110
[-152.870782,-27.8768085] 110
[-67.342028,32.112056] 110
[-126.804671,-31.1063915] 110
[-30.103552,-17.503792] 120
[94.165306,28.413218] 120
[143.522142,47.297975] 120
[68.443156,48.039285] 120
[-115.770259,-24.4770115] 120
[-13.517509,13.993896] 120
[-120.672706,46.049575] 120
[110.748736,1.798751] 120
[-3.531736,15.3462495] 120
[22.670304,59.7260545] 120
[60.674,-47.133355] 120
[-41.436253,-10.35947] 120
[129.956118,33.5223275] 120
[-3.473065,11.72034] 120
[-69.724203,35.81404] 120
[112.805331,19.0324445] 120
[-97.004114,-44.561301] 120
[-159.021594,38.0416425] 120
[-20.504528,-51.010287] 120
[-107.172292,-17.1719795] 120
[-137.293192,-40.8243195] 120
[-167.996791,7.5102935] 120
[-26.774624,7.3984475] 120
[-43.672115,-8.9507015] 120
[-71.245926,-5.2064995] 120
[171.135043,-45.0643415] 120
[140.492548,-39.979844] 120
[-25.587588,24.204442] 120
[20.019292,-25.73538] 120
[5.187165,26.475403] 120
[92.340182,-8.0251475] 120
[-74.218885,-33.0132635] 120
[37.746025,-41.3668975] 120
[88.564571,-24.39233] 120
[-74.329075,-12.722997] 120
[47.650443,12.220127] 120
[102.795104,14.3569485] 120
[-142.596762,-56.563394] 120
[-78.601483,-11.231654] 120
[108.371796,-1.493329] 120
[-142.941158,51.7003175] 120
[133.837192,9.831554] 120
[-50.230895,-21.046237] 120
[-110.242561,15.897806] 120
[-86.583617,-24.8091555] 120
[-52.450198,3.6603535] 120
[-162.817154,-32.203339] 120
[72.203162,-17.2988615] 120
[29.297653,-53.5962] 120
[-50.028669,-4.5332735] 120
[-163.126331,-42.6146935] 120
[-175.260953,13.850573] 120
[72.152767,22.3089515] 120
[32.330097,-21.5541225] 120
[55.001385,23.7541155] 120
[-144.941023,44.713224] 120
[79.362168,30.585127] 120
[30.086688,40.571929] 120
[133.932929,-10.745185] 120
[99.127746,11.9734175] 120
[160.150375,-1.372163] 120
[112.265605,-40.7806895] 120
[-16.100644,-6.270692] 120
[157.135862,24.204978] 120
[-115.725731,27.4813265] 120
[-143.16196,-4.914569] 120
[-171.660656,31.315362] 120
[-135.100869,-13.790045] 120
[128.523598,12.30723] 120
[-155.485739,12.639964] 120
[-164.437735,-7.0376485] 120
[-66.962891,9.359142] 120
[-58.407691,23.7910915] 120
[-69.464706,24.876409] 120
[-37.082727,23.8867695] 120
[97.064283,39.9669375] 120
[-173.028029,18.3772545] 120
[97.947865,-16.494254] 120
[-94.932756,38.862998] 120
[166.610462,-36.1852555] 120
[-27.111996,-32.499902] 120
[-109.048347,-15.4469595] 120
[153.815289,-28.835564] 120
[50.40485,12.5075535] 120
[25.174798,18.3717805] 120
[60.743051,3.1526855] 120
[-178.34779,-59.2646775] 120
[-91.542582,-3.0719255] 120
[172.929661,25.907115] 120
[-30.682303,-24.8009345] 120
[150.802379,32.630949] 120
[90.760536,-23.5100075] 120
[35.666886,27.549543] 120
[99.369501,-48.775187] 120
[142.357018,51.576373] 120
[30.873765,-37.058612] 120
[-137.2585,48.1360575] 120
[176.9336,0.0943465] 120
[83.579909,-21.9856925] 120
[-66.25791,-38.585116] 120
[42.35806,39.8807515] 120
[136.242312,-21.048984] 120
[13.812323,-14.432363] 120
[98.308395,3.820895] 120
[87.672692,39.3912165] 120
[-142.155067,7.4357] 120
[28.596369,58.841859] 120
[-75.46621,-26.041201] 120
[55.126611,-52.530081] 120
[-30.48949,-23.152351] 120
[179.933715,6.8662505] 120
[-150.987143,-39.7506865] 120
[-124.849739,39.3831605] 120
[29.929734,40.439904] 120
[134.356477,-52.64163] 120
[2.881913,0.135238] 120
[52.088131,32.803195] 120
[-111.078869,-2.7708635] 120
[-136.88778,-18.6979575] 120
[-46.507582,-16.260456] 120
[100.202085,-48.3405715] 120
[-99.616313,7.13928] 120
[60.938836,29.862196] 120
[-120.601913,-21.903981] 120
[-65.013765,-24.3663015] 120
[-38.625061,-45.5087905] 120
[41.438434,-44.9791415] 120
[-0.851459,-3.9085495] 120
[2.571184,-23.8430365] 120
[-101.947176,-42.630301] 120
[15.836246,44.8264245] 120
[-107.086923,-26.825024] 120
[149.062848,32.8321205] 120
[-39.204066,-9.083868] 120
[-4.352686,33.633179] 120
[-57.548595,-43.065228] 120
[112.264128,-8.841383] 120
[120.057882,45.752576] 120
[15.698736,49.099995] 120
[162.34174,36.875939] 120
[156.061064,-46.9548155] 120
[173.466455,-14.0841105] 120
[-83.180064,-44.9667155] 120
[142.961043,-30.3635965] 120
[65.042055,-23.4112745] 120
[-159.864759,55.8652745] 120
[-122.775072,6.045709] 120
[-3.792831,-50.880199] 120
[-15.630602,14.543409] 120
[24.053695,-17.2519555] 120
[77.831393,-36.2787505] 120
[-11.800366,25.3290985] 120
[140.732825,11.9900645] 120
[-15.22749,14.1783505] 120
[-94.14858,-17.5949585] 120
[134.193425,28.400005] 120
[-142.710534,-9.691769] 120
[-120.598507,9.5455865] 120
[155.320733,14.481654] 120
[102.336187,-43.5150765] 120
[-92.159868,12.034387] 120
[134.487669,-21.3558315] 120
[-126.144006,-2.406252] 120
[-28.541821,-32.2737315] 120
[-8.701832,-14.0915685] 120
[108.523933,-0.953221] 120
[144.155983,-56.8546295] 120
[9.886656,-54.501813] 120
[-132.483772,-12.5232085] 120
[-107.144636,56.496756] 120
[-99.239784,23.417766] 120
[-40.082887,19.372121] 120
[-20.587134,14.93325] 120
[-132.493961,34.551509] 120
[41.784103,-41.940439] 120
[175.101683,11.5670205] 120
[10.468197,-19.6661025] 120
[-65.669987,-14.88429] 130
[139.370811,48.4470385] 130
[81.717366,-35.560683] 130
[12.068214,-1.4708795] 130
[-158.16375,-41.9101905] 130
[23.751849,57.1397045] 130
[-45.49,37.7075715] 130
[-22.037181,-52.242616] 130
[-89.553735,-46.923989] 130
[94.032637,53.274698] 130
[-63.118772,11.8599635] 130
[-66.321302,-33.1762815] 130
[-89.749926,-37.450796] 130
[-14.047614,-8.157845] 130
[153.12343,-22.5710235] 130
[23.638541,-13.31229] 130
[68.324427,23.821075] 130
[-88.233922,-28.6187325] 130
[-53.714044,-37.428052] 130
[90.053852,-43.85085] 130
[-65.385316,34.7891845] 130
[4.433906,25.0185415] 130
[62.487157,-13.568372] 130
[91.841228,-5.2056755] 130
[15.565698,20.2137075] 130
[150.859276,32.2412305] 130
[130.387599,-10.9484145] 130
[-54.961625,-14.1827035] 130
[149.595965,-18.572827] 130
[-143.444508,20.1416415] 130
[81.418693,33.6256645] 130
[32.514584,-47.45106] 130
[151.23919,50.280259] 130
[-25.74763,28.033134] 130
[-130.285911,-4.7639405] 130
[-147.987216,51.0542255] 130
[-135.714678,-11.1189655] 130
[110.292538,-20.36267] 130
[37.006028,-22.731142] 130
[20.796912,-45.1660145] 130
[141.273588,-40.679988] 130
[-162.089728,-32.0096075] 130
[82.435362,47.730636] 130
[-170.852347,-3.563744] 130
[20.795868,-46.769975] 130
[82.867196,-45.1152475] 130
[99.416665,61.4589985] 130
[140.177392,32.8718355] 130
[133.251193,-16.4762655] 130
[95.326408,-28.669774] 130
[-56.984844,-24.863347] 130
[-62.858314,13.71137] 130
[64.982242,29.8844505] 130
[140.211031,32.159438] 130
[-43.272881,-56.8534235] 130
[44.589127,-39.262566] 130
[-143.742298,11.8557145] 130
[81.519371,-35.517542] 130
[-94.066327,-29.9507285] 130
[-85.022276,49.294157] 130
[111.156276,53.5600005] 130
[-54.647893,5.387556] 130
[-120.017942,16.631636] 130
[-77.917933,11.2677445] 130
[139.442609,33.0211825] 130
[139.036623,49.5343955] 130
[-116.606088,-38.234842] 130
[152.942901,-38.5478655] 130
[127.657255,41.4388415] 130
[-57.704744,11.7891365] 130
[58.813335,-16.28214] 130
[79.379628,-47.181411] 130
[-142.866752,14.9461155] 130
[-166.175416,-31.8911705] 130
[5.124752,-5.005841] 130
[89.518321,-15.996586] 130
[-16.469788,0.597464] 130
[10.004721,52.780129] 130
[172.038861,60.866003] 130
[-34.637038,25.477874] 130
[-78.117531,44.808679] 130
[-127.222832,6.644878] 130
[-162.489804,-35.328051] 130
[62.996411,-34.611851] 130
[95.916201,41.154277] 130
[159.618545,-29.935088] 130
[52.937957,-7.0852185] 130
[-132.888585,-5.885182] 130
[-133.125634,4.7851905] 130
[61.424528,41.4395635] 130
[106.172884,-5.5740875] 130
[85.576918,22.960306] 130
[116.116603,-49.60684] 130
[-15.913673,-15.8608995] 130
[-22.861413,-20.2486105] 130
[-146.472966,-34.842134] 130
[42.789209,-36.473809] 130
[24.205211,-0.642596] 130
[-131.286254,3.2314615] 130
[-164.076117,6.7783685] 130
[-75.216422,-42.46018] 130
[8.77525,10.775924] 130
[-22.752846,-16.6010315] 130
[89.657302,-24.411593] 130
[179.444117,-5.5770125] 130
[142.783055,45.4355185] 130
[-131.632087,-5.1050925] 130
[130.891071,63.9338895] 130
[-108.170818,33.606204] 130
[-65.03322,33.9590635] 130
[-119.314232,18.044608] 130
[170.589363,53.719361] 130
[114.543192,-43.8144145] 130
[-120.388522,25.935474] 130
[-140.882711,41.5284505] 130
[-169.240865,0.3277415] 130
[29.354982,-12.1130035] 130
[99.582681,-16.065267] 130
[-42.531282,-49.198473] 130
[-38.51291,11.3296025] 130
[-113.755939,13.608908] 130
[106.61238,-26.4384065] 130
[-50.145408,-33.0541135] 130
[-10.877072,13.7985535] 130
[62.948682,20.7747765] 130
[54.015308,-41.7590855] 130
[-84.44108,19.2423525] 130
[-20.65478,21.5368145] 130
[49.874397,7.7777355] 130
[171.506577,-44.5111305] 130
[-156.902998,38.9437355] 130
[129.614936,36.0456635] 130
[51.448569,-61.4871665] 130
[17.152727,22.074186] 130
[58.962959,14.9698955] 130
[-53.955699,13.4864825] 130
[16.147395,6.8921005] 130
[176.453756,33.034394] 130
[-123.902311,-46.3468225] 130
[79.328346,-49.2366335] 130
[-159.960493,53.892169] 130
[-36.926538,-15.094095] 130
[133.054808,31.895495] 130
[159.720268,-56.0191325] 130
[165.066429,-22.188229] 130
[142.638098,44.627577] 130
[-62.549936,7.507926] 130
[-99.913039,-37.000992] 130
[-144.987651,34.9930525] 130
[112.684273,49.441546] 130
[-93.747409,0.660593] 130
[98.565356,13.2710335] 130
[144.460456,-22.3638155] 130
[110.217101,13.9149025] 130
[-95.26919,-50.778018] 130
[168.424281,26.726627] 130
[141.364249,-11.248683] 130
[117.323751,29.483092] 130
[37.934021,-1.0899205] 130
[-147.199654,45.741613] 130
[50.830943,-40.8467455] 130
[38.759726,47.326751] 130
[-6.430563,50.9710505] 130
[-99.588464,-59.867841] 130
[39.031196,-51.6503985] 130
[-117.028159,26.9603045] 130
[-164.122541,2.3282385] 130
[-138.229238,30.7227245] 140
[-49.145631,-37.089593] 140
[-20.080332,55.331921] 140
[-53.048523,-50.963328] 140
[-122.009997,-19.0915825] 140
[65.69093,24.7328325] 140
[-98.371188,-43.0314915] 140
[20.630688,30.5549445] 140
[81.611005,-56.2520395] 140
[-152.427735,25.364351] 140
[169.735277,-42.2152895] 140
[4.715584,7.938544] 140
[-104.360329,-48.379802] 140
[-158.392588,-33.108833] 140
[20.813758,42.7704245] 140
[179.934405,-8.9115875] 140
[-82.976198,-59.952292] 140
[-49.106167,46.9473825] 140
[-165.844402,41.634665] 140
[124.981566,48.146701] 140
[-122.987577,48.45125] 140
[89.741344,8.7736235] 140
[150.151599,43.8282635] 140
[49.455397,-28.6859015] 140
[-105.259652,54.9339425] 140
[12.584245,62.0365295] 140
[31.616135,-36.067939] 140
[-15.344819,-15.9860425] 140
[17.204405,3.150716] 140
[175.266279,-46.8199175] 140
[112.339129,53.8281025] 140
[160.537396,22.6087095] 140
[-47.388748,41.472145] 140
[-39.509735,-43.43109] 140
[146.726066,44.7997225] 140
[-10.682268,-41.6868425] 140
[116.624104,39.596891] 140
[127.255588,-40.668321] 140
[-77.873842,-18.701998] 140
[20.745987,-40.763776] 140
[-45.364069,50.8717785] 140
[41.508347,-8.9460645] 140
[-168.808314,-0.236613] 140
[86.519836,-27.5875005] 140
[175.973499,-15.764322] 140
[-104.693489,-39.417895] 140
[76.291269,-19.3242865] 140
[110.065233,-27.508474] 140
[-65.248064,-46.7255615] 140
[-108.822301,56.4971555] 140
[-95.953106,8.446399] 140
[106.328273,2.8847535] 140
[114.148121,-20.4908355] 140
[124.345683,13.283874] 140
[-155.740672,50.861972] 140
[-131.073573,-59.712645] 140
[-164.315591,54.963088] 140
[98.82055,7.6695685] 140
[-54.850241,57.7623315] 140
[155.17693,-25.5825395] 140
[139.525605,33.253364] 140
[121.363263,-42.6358885] 140
[-17.689671,-21.112161] 140
[122.680131,-44.957793] 140
[-6.000593,46.138309] 140
[169.572499,65.149832] 140
[133.385475,-27.0330755] 140
[134.734091,-30.794701] 140
[178.144221,44.5167255] 140
[-102.592382,-55.4633435] 140
[61.430039,49.131935] 140
[-3.108692,-49.0446565] 140
[-59.999509,20.9888475] 140
[35.760038,-4.303565] 140
[137.490032,30.5832615] 140
[55.101623,-23.76324] 140
[-85.941833,20.2783735] 140
[-172.121436,38.6597315] 140
[-66.027963,-38.920501] 140
[150.482374,-34.4277215] 140
[68.118309,-25.2958495] 140
[-90.10068,29.1437045] 140
[8.812329,23.853938] 140
[-133.014226,35.277806] 140
[-156.222391,1.021637] 140
[62.182753,5.9099445] 140
[102.381269,28.253127] 140
[82.43852,-43.130009] 140
[47.102848,-16.5524115] 140
[-15.137532,30.793993] 140
[37.703259,-36.0382065] 140
[-31.828733,13.2919895] 140
[-167.443042,5.7102145] 140
[129.38527,31.665579] 140
[140.19769,-12.464977] 140
[-60.310661,-32.587623] 140
[-133.740022,50.150591] 140
[-99.644439,-37.3836235] 140
[109.947044,48.0038465] 140
[96.704284,-23.0415595] 140
[-88.563729,-40.1702565] 140
[75.738292,-35.738194] 140
[-46.8681,33.0679635] 140
[-18.693322,36.0678255] 140
[80.147373,27.74119] 140
[35.567917,-3.8877965] 140
[119.006988,-45.9171275] 140
[-150.459344,38.404031] 140
[1.411335,14.381109] 140
[-173.442766,-46.2605965] 140
[-40.817798,52.1328875] 140
[-106.227414,17.1303665] 140
[89.788448,7.535833] 140
[54.096511,46.187902] 140
[-107.113081,31.592507] 140
[23.726807,14.4985175] 140
[44.119232,-54.643771] 140
[140.905907,-34.227555] 140
[-118.715838,35.319738] 140
[141.387904,64.168819] 140
[35.030031,-50.582279] 140
[41.421517,20.926664] 140
[138.620177,-52.392045] 140
[112.527974,-45.4248225] 140
[-120.14293,47.303325] 140
[11.71956,-6.9541935] 140
[144.425174,-32.4138885] 140
[-90.829936,34.0065125] 140
[-164.655589,17.1484035] 140
[-107.020372,43.7760245] 140
[-96.75854,23.3498885] 140
[-106.835046,56.671403] 140
[130.518918,-16.7779825] 140
[52.74905,-2.6164325] 140
[-56.963446,-47.7380525] 140
[-54.764004,-3.69718] 140
[78.707654,38.1696105] 140
[-81.843708,-11.013613] 140
[-138.576026,50.6153635] 140
[-106.483773,-8.260458] 140
[142.243006,-52.1763965] 140
[-54.69998,-2.0675755] 140
[-105.567267,23.0120125] 140
[100.309075,19.8505735] 140
[-118.051818,-29.70619] 140
[-71.472891,-5.914298] 140
[-173.681139,38.058307] 140
[16.732875,38.1393645] 140
[114.897522,14.310116] 140
[12.599494,-27.414191] 140
[78.993882,-47.8315495] 140
[57.510063,-54.588197] 140
[8.439996,25.026002] 140
[-145.757964,30.7016425] 140
[125.590972,-60.9647295] 140
[74.233518,40.226311] 140
[-148.966317,56.7793875] 140
[135.977742,-55.973312] 140
[6.358088,53.867077] 140
[151.027786,40.6656655] 140
[140.337528,-31.3610685] 140
[-20.46936,-35.946086] 140
[-161.181568,-31.22483] 140
[-48.115397,-35.801711] 140
[29.707278,29.2712585] 140
[-125.376629,-9.917616] 150
[137.55417,50.971207] 150
[27.723216,-46.6181035] 150
[-42.123303,-49.349705] 150
[19.203219,-15.7999255] 150
[74.505318,52.8331565] 150
[-98.572116,47.8663745] 150
[50.61855,-47.753182] 150
[-110.030376,-57.177815] 150
[50.704735,45.155232] 150
[161.496192,52.0972965] 150
[-75.689574,28.779011] 150
[-174.266277,50.2604375] 150
[-168.559373,62.69055] 150
[98.580925,4.875214] 150
[-121.354369,-31.0872005] 150
[65.987309,43.584385] 150
[90.428796,42.4683405] 150
[56.068559,-43.2309135] 150
[61.256249,-40.547602] 150
[45.322992,47.9245475] 150
[79.885691,-2.825644] 150
[172.165087,58.47111] 150
[12.338084,-53.919863] 150
[-21.189645,-30.5010845] 150
[-135.858855,16.1149655] 150
[-161.187326,-20.917705] 150
[110.551011,10.637877] 150
[-158.469389,42.371709] 150
[-100.545483,46.1620055] 150
[96.208323,-22.040832] 150
[5.473864,22.576872] 150
[38.695461,30.999418] 150
[59.538178,-36.669444] 150
[-15.278064,50.9419675] 150
[-160.637389,11.48192] 150
[162.35059,-60.2094695] 150
[-170.992265,42.0585545] 150
[-158.141691,-30.822129] 150
[9.922319,-1.6508745] 150
[-142.342639,-62.9633005] 150
[66.213224,-53.6318165] 150
[-83.81387,-39.1350415] 150
[-147.62095,54.6489615] 150
[-85.928934,-25.4212815] 150
[105.982214,14.791689] 150
[-20.415063,-47.746011] 150
[24.27515,-43.7579] 150
[41.025774,-25.3655165] 150
[105.785512,-5.790312] 150
[-76.586073,-43.5044215] 150
[-126.087776,58.686232] 150
[-6.06035,46.2467995] 150
[-117.755756,9.667605] 150
[-179.838177,0.58762] 150
[-136.900429,6.0502495] 150
[143.89253,48.9026445] 150
[-151.852155,47.8620195] 150
[29.952227,49.3516375] 150
[0.072179,-28.9533935] 150
[38.210649,-22.0092645] 150
[11.216679,-60.4029285] 150
[124.318627,31.40539] 150
[176.259615,9.0391385] 150
[42.64461,42.002263] 150
[122.380759,-12.2595495] 150
[137.949996,-27.7300745] 150
[14.070582,44.666092] 150
[-136.142019,-7.5156475] 150
[-120.135189,-10.17962] 150
[-144.545684,37.075944] 150
[-99.69971,-31.1734435] 150
[-0.698037,-39.357403] 150
[154.804467,-46.228621] 150
[-68.83238,-42.167806] 150
[-142.315983,5.430491] 150
[-107.292416,-8.8885935] 150
[170.232831,64.0465855] 150
[-120.768503,23.3087985] 150
[110.694171,-4.8694675] 150
[-118.535809,-37.1395865] 150
[-6.113851,-24.2717295] 150
[-77.62582,50.2894915] 150
[71.19792,13.184434] 150
[-94.153244,-5.546812] 150
[-77.998064,34.797158] 150
[40.963428,39.396368] 150
[-49.338731,55.309923] 150
[40.222665,-46.680757] 150
[124.155878,48.3990495] 150
[-65.489531,37.9331] 150
[-164.690839,-51.003427] 150
[-140.171921,-54.5711775] 150
[57.06913,-53.3101325] 150
[52.90804,29.6500775] 150
[119.553269,-32.61795] 150
[0.900719,-49.601794] 150
[-6.328559,-15.694812] 150
[15.00436,19.7396415] 150
[179.407193,-20.0658505] 150
[143.508824,-33.6773515] 150
[-60.671405,61.3462455] 150
[37.970197,22.325774] 150
[85.720918,34.2851925] 150
[56.914314,-45.89221] 150
[-9.330425,-58.236615] 150
[-61.002923,39.164937] 150
[-12.543064,-36.901756] 150
[81.70678,12.926828] 150
[9.08511,-16.7783335] 150
[177.568485,63.95568] 150
[-176.206316,55.260646] 150
[33.490439,-42.629005] 150
[28.853588,-37.597796] 150
[17.304661,3.837492] 150
[133.591702,-45.5984555] 150
[13.888859,-0.4698325] 150
[-149.911425,-19.4155525] 150
[-164.840803,-33.947353] 150
[-59.867173,-26.444232] 150
[-157.419178,22.0181575] 150
[45.547903,-1.2213535] 150
[122.70619,-20.742538] 150
[109.394991,-24.8858845] 150
[-44.095547,-36.379812] 150
[94.668635,36.435067] 150
[-38.205733,-44.8882795] 150
[-93.084891,-16.831473] 150
[-28.600231,-17.713234] 150
[118.485025,19.523262] 150
[-25.233266,-29.067186] 150
[-3.517576,-50.1314275] 150
[-23.049501,-20.2291145] 150
[-157.674798,-50.1479215] 150
[48.460189,-44.070238] 150
[-169.521054,-44.660946] 150
[87.412649,41.439733] 150
[-160.932157,-15.3364985] 150
[-169.589864,36.7539315] 150
[166.205887,37.006114] 150
[-88.474888,54.8730625] 150
[-81.186395,-34.583958] 150
[19.321152,5.579566] 150
[-41.15793,-47.1617955] 150
[-145.736209,-24.913011] 150
[85.65074,-28.093611] 150
[177.725891,-31.711648] 150
[-160.899764,-53.282135] 150
[123.010776,-41.989935] 150
[41.906638,29.663797] 150
[-178.328483,-31.4487115] 150
[50.820185,-34.1291435] 150
[-124.454007,-19.1559945] 150
[162.255623,-15.8693645] 160
[131.76371,57.412128] 160
[47.255781,-47.262822] 160
[-133.610238,43.3173415] 160
[-136.407755,40.479927] 160
[-8.099529,34.052014] 160
[98.826731,45.009607] 160
[72.911991,-59.4292605] 160
[-97.703433,32.6408345] 160
[40.018389,-58.6950815] 160
[94.849165,-43.3187255] 160
[165.497831,32.1399245] 160
[-74.240701,49.060071] 160
[58.074252,-20.700995] 160
[-158.796069,-6.236851] 160
[-176.34622,-47.731205] 160
[75.520244,35.024265] 160
[105.853421,31.192703] 160
[-1.028803,-53.5227315] 160
[10.18569,-35.1040185] 160
[138.560843,34.6030645] 160
[-14.767475,-32.478794] 160
[168.518087,11.8834795] 160
[-138.249706,53.555673] 160
[12.828674,47.186774] 160
[83.530546,47.162887] 160
[36.420269,-56.035853] 160
[131.610629,-16.6111235] 160
[-79.023331,-27.828838] 160
[68.047379,9.501981] 160
[99.936416,44.744509] 160
[-107.028847,63.6260015] 160
[91.242393,-41.529504] 160
[-134.131196,-48.114235] 160
[166.632963,-52.0245415] 160
[-140.560259,-46.196559] 160
[-69.234586,-17.2471465] 160
[-12.059165,51.021459] 160
[-9.105277,-26.0380985] 160
[107.583243,3.841517] 160
[-108.496414,39.4415825] 160
[138.016454,-30.641905] 160
[52.025327,30.2159035] 160
[-125.634408,49.9051385] 160
[90.472513,65.8445065] 160
[-146.256994,-46.280687] 160
[48.402552,-39.2685255] 160
[-7.660571,36.0707905] 160
[88.428909,2.184479] 160
[36.19573,-56.649374] 160
[-158.675765,12.675063] 160
[129.178936,-43.0533285] 160
[-85.933071,54.3673815] 160
[-122.195015,-17.99726] 160
[31.003519,53.592872] 160
[80.589989,-0.8383805] 160
[-108.830135,-39.8762785] 160
[89.055978,-34.9755295] 160
[-110.132545,-28.361187] 160
[178.24476,38.2606295] 160
[32.663617,-52.080646] 160
[172.371909,-67.107086] 160
[29.4014,-50.4686625] 160
[-15.74527,-59.6384995] 160
[20.852172,52.7878575] 160
[-36.306846,42.8548245] 160
[96.971075,36.6135195] 160
[-86.273317,-59.574777] 160
[145.261616,50.137701] 160
[28.017389,52.4295385] 160
[81.764694,54.877811] 160
[-54.323436,-47.7589485] 160
[61.040251,-55.14569] 160
[160.293894,48.01622] 160
[-152.892643,-22.928712] 160
[-19.796654,26.449481] 160
[-18.730994,55.88935] 160
[-92.511387,-47.679987] 160
[178.301068,-56.31658] 160
[-100.875674,11.199365] 160
[46.54992,-54.2220915] 160
[82.684902,-41.955482] 160
[103.22129,-34.178447] 160
[36.84724,-50.092052] 160
[0.298401,-12.2130045] 160
[41.267613,-51.7024775] 160
[52.764443,49.5974775] 160
[-138.504812,-52.272027] 160
[142.715748,24.3997495] 160
[-15.282869,11.961282] 160
[-175.674378,45.18473] 160
[-105.976428,-36.601315] 160
[5.492509,53.6449595] 160
[-144.001137,-32.750015] 160
[49.477017,-60.625713] 160
[-100.681972,39.0441965] 160
[169.95827,-42.2428205] 160
[-110.887649,-0.7376475] 160
[-9.583836,-38.0468695] 160
[-1.605444,-42.5290855] 160
[-131.598102,51.377664] 160
[6.271618,26.682533] 160
[-38.314279,26.2603325] 160
[-36.149561,40.384843] 160
[87.825364,40.136647] 160
[87.939242,-31.4102205] 160
[71.770893,45.4573325] 160
[42.177646,41.4369575] 160
[44.821697,3.4377655] 160
[-107.838259,60.557333] 160
[148.802108,35.4866445] 160
[68.066025,-53.646648] 160
[-91.202452,46.755167] 160
[-22.608835,33.1155] 160
[-72.573963,-37.623618] 160
[-145.174145,-32.242162] 160
[74.832339,31.534377] 170
[-134.446647,53.325765] 170
[-169.493796,41.58453] 170
[68.106694,55.642284] 170
[-55.647754,51.032606] 170
[-0.520133,52.417958] 170
[-12.475194,54.899959] 170
[29.172289,53.7039705] 170
[153.432888,50.6757305] 170
[8.24819,-38.7964865] 170
[-165.687921,52.5336005] 170
[-58.284091,15.334557] 170
[-46.879629,-43.404265] 170
[18.241209,-43.096633] 170
[-145.797429,58.8121245] 170
[122.699346,52.5213755] 170
[173.049201,63.4741575] 170
[-117.727128,8.531063] 170
[-178.850965,-37.5343505] 170
[130.819212,-51.9227645] 170
[-175.999284,-43.123058] 170
[-53.839294,-49.7655795] 170
[-118.958345,-57.804005] 170
[38.044934,-57.7147655] 170
[-31.924881,62.527436] 170
[-55.111158,48.985089] 170
[179.514223,59.67026] 170
[-178.054746,-39.5891845] 170
[-20.295713,47.779029] 170
[-106.060225,-61.3533725] 170
[97.969924,-47.3802405] 170
[-3.897228,-61.928355] 170
[145.443349,39.323863] 170
[5.219156,34.389455] 170
[-71.728129,-54.635983] 170
[86.005956,-53.5324645] 170
[-179.839537,-4.814838] 170
[130.895515,-51.4664765] 170
[101.327506,36.3546075] 170
[-35.685317,54.0931545] 170
[-178.409013,-36.5354105] 170
[35.93211,-34.795656] 170
[-122.714972,-10.9965165] 170
[173.411295,-46.5633055] 170
[-119.249676,24.827505] 170
[-126.142857,44.15646] 170
[-119.000519,-3.7415845] 170
[116.344886,18.3687055] 170
[8.662989,36.615765] 170
[146.551091,50.2656475] 170
[134.958805,58.170732] 170
[0.058672,39.5669035] 170
[42.101844,-64.7780105] 170
[-35.456541,62.642103] 170
[-159.270662,51.614201] 170
[-118.616691,-35.9194855] 170
[49.775227,-38.105291] 170
[-101.230854,60.121804] 170
[175.374088,56.177113] 170
[59.144684,-61.4755375] 170
[95.25901,49.106821] 170
[-135.900536,-44.165543] 170
[147.995673,-54.0711] 170
[-95.001478,-29.5508835] 170
[-178.16553,-52.1021825] 170
[168.507817,-43.980471] 170
[25.372177,33.5029475] 170
[-82.595946,-4.345811] 170
[92.965914,0.8082215] 170
[6.566289,-29.18088] 170
[-60.048403,-40.1022685] 170
[71.79447,59.3526985] 170
[92.314406,31.6064455] 170
[54.0673,57.135256] 170
[-94.705154,52.330615] 170
[-178.873548,-30.465357] 170
[45.47482,-50.325719] 170
[-136.898358,38.802609] 170
[5.104532,52.9895085] 170
[16.560614,-36.6865775] 170
[-150.027829,-38.8534795] 170
[137.923655,-48.2714965] 170
[-100.812739,35.32423] 170
[166.189073,-31.4856555] 170
[68.969411,60.5237955] 170
[121.03026,-50.992792] 170
[62.912302,-40.66503] 170
[-88.70806,56.2931395] 170
[25.278321,53.9872255] 170
[-113.099835,-48.954] 170
[-36.828319,39.160118] 170
[-39.941409,-57.7607415] 170
[-137.040945,-5.6814605] 170
[-61.975613,35.9963275] 170
[-123.511091,-11.233081] 170
[-102.262224,-46.2828825] 170
[-142.396625,19.790285] 170
[160.816915,-33.646243] 170
[-3.31059,19.6215575] 170
[-172.137098,-5.8174385] 170
[157.510815,55.3454905] 170
[-6.615907,-56.383693] 170
[47.254491,-50.301283] 170
[-121.280564,46.1774565] 170
[-9.130425,41.698655] 170
[52.963432,49.9040875] 180
[-168.00238,36.916654] 180
[4.501565,-56.3350395] 180
[46.592379,-48.1537095] 180
[-167.017934,62.776252] 180
[-12.055112,-50.823902] 180
[-95.454988,36.1658615] 180
[127.382517,-49.9604205] 180
[-50.441332,50.174477] 180
[42.640519,51.8318005] 180
[101.660509,68.3536045] 180
[-103.688692,62.8282755] 180
[41.09483,-53.10382] 180
[-145.169191,36.593054] 180
[-146.940273,63.156898] 180
[135.394696,60.0085815] 180
[-44.322102,28.4110135] 180
[40.641892,55.7356585] 180
[9.22042,47.7299115] 180
[-0.687909,-33.2152795] 180
[-18.988836,49.3267575] 180
[117.645313,-43.3215525] 180
[-36.358986,-47.1545415] 180
[-145.632118,45.976239] 180
[-138.364024,50.98442] 180
[-150.780099,48.256242] 180
[-176.257428,-35.5340245] 180
[53.609615,52.0544295] 180
[47.883598,-49.002316] 180
[39.122402,65.499102] 180
[-66.454495,27.414925] 180
[135.710854,54.07664] 180
[18.708988,-52.851022] 180
[10.799456,-33.3194735] 180
[149.580442,58.775527] 180
[-129.560681,-58.882404] 180
[168.788006,17.6338405] 180
[114.537291,54.444156] 180
[54.192221,36.24999] 180
[136.791533,64.0208295] 180
[161.891151,-30.560784] 180
[85.474133,56.864334] 180
[-33.33542,41.590668] 180
[-160.310158,-3.072679] 180
[86.941824,-43.1932905] 180
[159.97394,38.399829] 180
[21.317276,-19.9624065] 180
[123.334675,-25.567983] 180
[-116.672541,42.833453] 180
[-160.510796,-67.9433675] 180
[-15.153024,-61.6581605] 180
[-39.361411,63.507101] 180
[-51.950801,24.9181525] 180
[-46.555856,63.7272975] 180
[54.346356,-54.3595665] 180
[-129.233792,-15.131128] 180
[48.861899,38.5538075] 180
[134.781832,65.017112] 180
[-179.841092,-46.008281] 180
[18.774214,-47.575137] 180
[50.499515,-50.15441] 180
[52.857047,37.4633135] 180
[146.356716,40.662809] 180
[-123.898713,-52.586582] 180
[18.162319,65.2277565] 180
[-82.980592,-47.6962445] 180
[-80.902637,40.240069] 180
[-112.708668,41.814241] 180
[39.788447,-54.3409525] 180
[17.520582,33.5963955] 180
[-28.324332,41.600305] 180
[-141.07925,-54.344568] 180
[90.122675,-37.3484175] 180
[89.799886,-49.7902555] 180
[-128.560949,-58.334342] 180
[-18.140243,47.3109685] 180
[67.064468,-33.7766475] 180
[-148.960717,-65.5765585] 180
[36.067154,61.3420425] 180
[115.777915,-31.147595] 180
[4.984945,-39.139969] 180
[170.004694,12.470336] 180
[117.91756,-46.420906] 180
[146.288595,45.8379995] 180
[-23.19733,-53.2708355] 180
[172.409835,-60.365564] 180
[-35.529221,28.0836865] 180
[136.271407,27.9588305] 180
[-35.681664,52.6100725] 180
[-99.621491,3.259444] 180
[-176.465493,-18.852127] 190
[-114.908937,62.1699525] 190
[53.422036,-59.479544] 190
[86.15062,-62.0513735] 190
[32.982172,-60.2209325] 190
[173.607612,52.724467] 190
[7.659932,-61.1253665] 190
[-139.015077,15.278675] 190
[5.723692,-60.63441] 190
[19.348677,-55.222398] 190
[47.685938,-64.7149415] 190
[92.3566,-63.570813] 190
[24.557217,-67.962206] 190
[100.251857,56.395913] 190
[81.928015,-39.7502125] 190
[-165.806052,-38.0357165] 190
[12.432395,-50.286167] 190
[-144.811502,-49.260013] 190
[111.723501,-58.9944985] 190
[174.925794,50.925846] 190
[173.260934,-41.8934505] 190
[130.108339,-42.5280715] 190
[-152.453391,-50.4278195] 190
[26.185739,56.685062] 190
[4.826147,62.200316] 190
[-23.434554,-30.073232] 190
[117.620812,-46.0364305] 190
[-117.547108,41.56553] 190
[146.156676,63.909698] 190
[-19.910968,28.874585] 190
[-108.113776,25.4360085] 190
[62.069833,34.706644] 190
[177.407098,-65.907175] 190
[27.304598,-57.212107] 190
[49.548149,-54.2416045] 190
[130.051927,-51.906621] 190
[143.085553,28.4939495] 190
[-170.655995,-60.2368345] 190
[-111.896257,2.1513085] 190
[36.556404,-58.2712975] 190
[-115.383066,-59.2142645] 190
[59.449775,54.334962] 190
[-115.34309,30.0482535] 190
[-86.659056,35.7595935] 190
[-168.891691,54.2407705] 190
[-79.369587,-51.8714025] 190
[57.038562,-55.3242205] 190
[-15.30961,47.468408] 190
[-123.833126,58.021983] 190
[-29.763283,58.8544735] 190
[145.761417,-55.624072] 190
[-95.083647,50.424946] 190
[144.332528,30.496473] 190
[141.157732,-51.1395465] 190
[-115.831645,-57.7135705] 190
[-41.979814,-46.131895] 190
[-8.063904,-45.8179855] 190
[71.684641,66.2026985] 190
[37.271757,65.985281] 190
[-147.80984,-68.202637] 190
[-6.36294,54.361442] 190
[-16.421709,10.260606] 190
[-154.136738,-68.701267] 190
[-155.288435,49.323409] 190
[118.973302,-27.4790765] 190
[-111.643986,54.95145] 190
[-116.687849,-28.414554] 190
[-105.477541,-41.339441] 190
[-94.87268,-42.8389625] 190
[20.796475,-56.7314815] 190
[-11.450645,16.954858] 190
[-21.471693,-56.8181715] 190
[-112.525177,-17.7408715] 190
[114.534036,38.0427095] 190
[164.151143,-54.91503] 190
[-120.646714,23.644837] 190
[-41.995933,60.025423] 190
[-92.613629,-44.7578645] 190
[-65.294789,-41.0350415] 200
[-112.182233,47.7957345] 200
[-36.614746,-56.230284] 200
[55.5248,62.1613365] 200
[-115.918994,-49.057814] 200
[133.064759,50.825582] 200
[33.497829,-65.586144] 200
[-174.811221,-20.190389] 200
[51.901993,43.4047765] 200
[-31.677418,51.878547] 200
[32.710764,-17.5596075] 200
[-176.947738,-42.6227675] 200
[76.266705,-34.442136] 200
[-30.634933,-49.572081] 200
[-165.443694,51.6617075] 200
[15.389083,-58.8597] 200
[96.94243,56.326168] 200
[139.689508,55.7811645] 200
[38.20241,-60.350467] 200
[2.447082,-54.5536125] 200
[82.009816,52.546325] 200
[168.843691,-61.774384] 200
[-174.225294,-65.0648815] 200
[54.725064,-68.3937195] 200
[137.998853,54.906101] 200
[-36.813435,41.46516] 200
[-69.254718,-38.405716] 200
[78.806127,-55.7585095] 200
[-64.711719,53.0184115] 200
[-23.484875,-69.174367] 200
[68.346773,-63.4144475] 200
[76.024551,-66.3578245] 200
[127.28708,-58.806152] 200
[71.662611,65.6818325] 200
[165.480023,50.244666] 200
[-65.869603,-47.7198545] 200
[125.654884,60.375461] 200
[-175.251517,28.0364425] 200
[30.938429,-62.938585] 200
[122.678745,-25.8439935] 200
[136.674929,-71.0465715] 200
[-72.667336,60.607308] 200
[-19.972579,62.5997345] 200
[-71.988304,55.6451025] 200
[-12.725319,60.042429] 200
[34.279582,65.4277045] 200
[62.741419,-50.0189115] 200
[81.906329,-61.4270705] 200
[-53.927007,-18.679844] 200
[-6.926154,-44.1616515] 200
[139.980589,-70.755662] 200
[-131.234884,-65.3335935] 200
[80.612688,43.5494535] 200
[-164.482651,58.6508755] 200
[-41.3018,-61.4199575] 200
[-122.177929,-64.8891615] 200
[63.44856,55.8561535] 200
[-89.071941,-48.055238] 200
[-69.155847,-56.516602] 200
[82.028189,48.769056] 200
[158.883342,-49.810616] 200
[106.950458,45.172535] 200
[-157.555143,-55.9655265] 200
[48.112005,58.0443215] 200
[-94.739576,-30.1041475] 200
[169.645656,48.852695] 200
[-178.092895,58.655676] 200
[57.102241,45.937005] 200
[-73.723536,-40.317971] 200
[33.307107,-37.2527] 200
[-88.452396,62.7089595] 200
[-52.248721,52.844089] 200
[175.628167,-69.82] 210
[71.564511,66.0724975] 210
[137.562584,-62.0770975] 210
[-69.168181,63.3281495] 210
[77.206327,44.769733] 210
[-138.335059,-18.399949] 210
[-52.863056,62.922431] 210
[-174.575281,-34.752503] 210
[-61.440964,60.1455615] 210
[-14.318922,-64.8285035] 210
[173.825664,55.920846] 210
[161.326674,65.5897675] 210
[98.028821,30.0702765] 210
[-51.545288,-62.582134] 210
[16.086363,40.886637] 210
[-46.085799,-61.1103695] 210
[147.88212,11.6768345] 210
[-63.156528,46.534701] 210
[-177.176356,61.681553] 210
[-141.774888,54.4230015] 210
[133.60083,60.3751375] 210
[-146.43709,-68.6520205] 210
[-115.48192,-57.6010015] 210
[-111.298808,-52.230625] 210
[6.830519,-59.3696195] 210
[115.949652,59.245757] 210
[13.582487,-56.2686975] 210
[-161.389602,64.9705995] 210
[-73.103885,55.359601] 210
[3.710575,-54.7480675] 210
[-7.694574,-44.5612795] 210
[77.550792,-58.4365935] 210
[-35.415906,-56.394765] 210
[-99.729079,40.7206555] 210
[-103.338644,50.869216] 210
[-102.897728,-50.2553195] 210
[88.499979,53.657835] 210
[-22.875235,-64.275015] 210
[-126.047464,-60.69916] 210
[142.467648,-60.511351] 210
[47.364648,-56.6245825] 210
[-26.857566,-69.1666215] 210
[138.254327,28.751425] 210
[-43.019492,-63.678492] 210
[-44.33928,-62.661968] 210
[40.267651,65.7122675] 210
[-169.192213,-56.943096] 210
[-94.438552,-63.957444] 210
[125.539935,54.9635095] 210
[78.875274,56.742396] 210
[100.55978,45.391678] 210
[-24.405244,45.79165] 210
[-58.462878,-63.159315] 210
[15.810085,-56.8570525] 210
[-78.008987,39.608733] 210
[-81.829324,-58.7724715] 210
[-169.725619,47.287942] 210
[-75.873797,41.7790935] 210
[-148.872112,-64.96308] 210
[130.591099,57.890406] 210
[126.664673,30.6406885] 210
[163.932769,-66.0269715] 210
[164.388475,-65.862465] 210
[126.898058,-60.2712115] 210
[-145.396295,-60.2791835] 210
[-88.011719,-61.3816845] 220
[-57.272547,-22.4950965] 220
[-169.872774,-59.4558995] 220
[-155.646038,-55.8485845] 220
[7.185032,49.3880965] 220
[-90.516396,-64.5279425] 220
[47.00334,-59.5191965] 220
[82.643894,-53.5956625] 220
[-113.728823,46.9979225] 220
[-126.368376,61.20956] 220
[-170.40509,-44.936065] 220
[-130.864155,59.912064] 220
[158.123727,-61.9879755] 220
[-6.588397,-44.541862] 220
[-74.996988,45.450076] 220
[48.510276,51.64952] 220
[65.889368,60.8388985] 220
[173.397245,-60.773242] 220
[-83.998842,45.376642] 220
[132.316848,24.040503] 220
[-130.495978,62.654328] 220
[12.453417,66.834819] 220
[-148.946551,-53.8315785] 220
[-93.35406,-64.9466475] 220
[126.111493,-50.3950035] 220
[-151.610985,63.736587] 220
[-100.272072,-49.916714] 220
[84.421765,70.980239] 220
[102.238589,-60.723464] 220
[-103.114611,41.563365] 220
[-58.558677,-54.2576125] 220
[-23.030994,-58.5362435] 220
[102.849846,70.3077925] 220
[-46.640555,68.3250485] 220
[-151.345219,58.7506735] 220
[-80.957424,64.6238135] 220
[92.778768,-48.783874] 220
[-172.040693,56.689921] 220
[-144.607722,-66.158621] 220
[114.198231,61.828915] 220
[83.669158,71.4668885] 220
[111.843956,61.7385745] 220
[0.957485,56.5645165] 220
[-58.334952,41.8765725] 220
[104.527023,48.514392] 220
[7.356797,50.225955] 220
[-177.942082,60.856967] 220
[126.063853,50.9111005] 220
[139.290303,-65.0397695] 220
[128.539627,64.104045] 230
[91.865186,-63.0779935] 230
[100.592256,66.384212] 230
[119.92101,-67.8762595] 230
[-66.162023,-63.5163985] 230
[-43.270643,54.9656515] 230
[44.724933,66.5935015] 230
[66.942603,-63.556714] 230
[-102.508849,-70.4014295] 230
[0.660559,56.6236245] 230
[-82.18308,-54.6129935] 230
[22.093545,-60.424457] 230
[-138.852141,-60.603676] 230
[-114.320785,54.415081] 230
[-44.751641,-62.0659265] 230
[5.973582,-64.7453625] 230
[-21.906559,-57.440032] 230
[-71.887322,54.8672935] 230
[135.841495,-65.958117] 230
[-22.222671,-59.9406165] 230
[59.051956,-63.1461505] 230
[-24.539645,50.6716365] 230
[139.580596,-65.1347035] 230
[72.481012,66.6541795] 230
[-130.245387,-66.335134] 230
[-91.800903,-66.686613] 230
[10.378637,56.8011395] 230
[93.078036,-65.825793] 230
[48.975398,-49.9058025] 230
[50.090611,-52.314744] 230
[-60.145694,-66.000939] 230
[-121.515631,69.0806565] 230
[107.075139,-62.417681] 230
[-175.822114,57.0196905] 230
[-17.96432,69.432377] 230
[148.536351,-64.4024065] 230
[-110.78702,-51.353837] 230
[-24.275884,-53.3883595] 230
[-93.106445,-68.799291] 230
[-24.829599,50.35475] 230
[139.88109,-65.2094985] 230
[-154.93556,-56.33803] 230
[-34.000245,-59.2848635] 230
[158.946099,-62.207883] 230
[-47.732982,-65.9483185] 240
[-51.378444,-58.7034515] 240
[-61.651156,-60.872255] 240
[-160.413148,70.6613915] 240
[117.252373,-67.07289] 240
[71.751526,-66.5225005] 240
[-166.680598,-58.925165] 240
[-155.804919,-65.906671] 240
[72.27881,-65.530394] 240
[88.330443,-57.3482345] 240
[172.675142,69.8635685] 240
[-97.950952,69.157438] 240
[86.921387,-68.363955] 240
[174.376409,-68.9087865] 240
[148.200369,69.418422] 240
[-120.317094,-64.539516] 240
[-85.552467,-69.292991] 240
[-10.822914,-63.625338] 240
[9.855755,-65.957054] 240
[-166.848475,-64.5745135] 240
[-100.210119,-70.3385505] 240
[-131.068973,60.4315155] 240
[-161.745662,-64.9824945] 240
[-94.142623,55.1491545] 240
[78.278413,-69.0140285] 240
[-56.676595,-60.9321475] 240
[167.566589,58.04557] 240
[136.890791,-67.226462] 240
[168.324874,-68.597958] 240
[-18.212835,67.1997865] 240
[-84.747413,-61.8887705] 240
[115.506082,-65.3906395] 240
[-24.736861,-61.730924] 240
[45.163451,51.980822] 240
[-148.969251,-26.37886] 240
[-30.81186,-62.483538] 250
[-66.609718,-62.4074475] 250
[-126.396626,67.4102495] 250
[166.687763,-65.420857] 250
[-112.379335,59.3954415] 250
[-129.343633,-67.9344295] 250
[23.379367,-58.566848] 250
[72.88386,62.623761] 250
[125.939433,-63.524143] 250
[67.169749,68.6124205] 250
[-151.271678,72.0530375] 250
[-27.469982,58.6973555] 250
[-44.643211,67.7525325] 250
[78.43221,-60.035048] 250
[-27.029885,59.253643] 250
[-122.517695,74.5330645] 250
[-126.08589,66.648418] 250
[-136.594522,-63.0920795] 250
[96.410827,68.702107] 250
[145.059605,60.65646] 250
[176.988535,-51.0697695] 250
[-176.364221,-66.4146365] 250
[143.935382,-65.6740425] 250
[-114.978813,-64.7366175] 250
[76.977079,44.2142565] 250
[146.078364,-64.642808] 250
[-24.223206,-55.760535] 250
[96.923984,-59.808138] 250
[34.407019,-66.4694455] 250
[79.933253,66.5736705] 250
[-163.880817,-74.7824005] 260
[-51.29748,60.338281] 260
[-140.975377,-63.0540545] 260
[78.233939,-69.847011] 260
[-54.148316,-62.657945] 260
[58.864637,-64.8722115] 260
[104.581514,71.572099] 260
[1.156987,52.778617] 260
[21.591001,-65.191909] 260
[153.03345,68.579174] 260
[-27.055035,68.5246565] 260
[-0.165707,-60.8914175] 260
[-47.797782,-66.472629] 260
[104.022831,-66.8971225] 260
[102.881948,-63.5781555] 260
[-65.276453,-61.327797] 260
[-125.952632,-54.5582635] 260
[4.615645,-64.2536585] 260
[7.137618,-72.8441335] 260
[-172.148137,-58.1048535] 260
[33.083244,65.3311685] 260
[23.232847,65.5820915] 260
[-10.497554,64.6306555] 260
[-6.955518,60.4697335] 260
[155.334097,-55.076342] 260
[-160.797093,-69.50248] 260
[9.420578,58.0015225] 260
[31.689792,65.655254] 260
[-32.202391,48.1940615] 260
[-80.996922,52.3693635] 260
[122.323528,-58.544756] 260
[64.390586,72.970922] 260
[109.3875,67.9416475] 260
[-83.108755,-62.4627245] 260
[4.91565,-65.6771905] 260
[-48.198359,66.7714725] 260
[106.445087,-60.35808] 260
[-15.868653,69.940503] 260
[-98.863939,-55.912197] 260
[100.80287,-64.569874] 260
[151.092787,-63.807765] 260
[-36.91539,60.6060035] 260
[157.718501,3.005769] 260
[91.271857,70.5417785] 270
[-165.853987,69.006862] 270
[16.544815,-70.154617] 270
[128.441816,-64.457012] 270
[-163.476037,68.006588] 270
[-8.26524,66.255187] 270
[87.846631,-60.3792545] 270
[-11.162039,62.860111] 270
[75.548998,66.322291] 270
[-7.738477,-73.073663] 270
[166.920189,49.485508] 270
[-31.637885,-67.4635225] 270
[-168.201804,-61.910053] 270
[166.794456,-66.8501585] 270
[-125.42891,65.589056] 270
[-56.57737,-61.914359] 270
[174.336378,-70.6562925] 270
[130.96077,-70.8415475] 270
[109.769189,-70.788547] 270
[-24.624234,63.021866] 270
[-1.277402,63.8706465] 270
[13.665368,58.651089] 270
[175.991524,62.3936035] 270
[-134.713161,69.1039195] 270
[179.732516,-68.368814] 270
[-104.166546,-70.440259] 270
[-16.571221,-70.634928] 270
[-154.295382,60.0344325] 270
[-91.818231,72.579493] 280
[-6.965141,58.9308625] 280
[141.808757,-71.216947] 280
[-24.732626,-70.8967565] 280
[101.326148,-61.8926615] 280
[-156.441205,-71.0877755] 280
[71.24294,68.9864505] 280
[-171.546915,-73.755344] 280
[-28.974121,-67.114487] 280
[-6.651976,57.949301] 280
[65.530628,64.6397255] 280
[-31.847195,-67.6011725] 280
[144.044477,-67.8798455] 280
[125.468675,71.470211] 280
[140.795227,-63.8470435] 280
[-132.300266,69.6147595] 280
[-138.997242,64.07868] 280
[-30.847234,71.717719] 280
[77.96886,66.5888925] 280
[-20.846944,-67.6293375] 280
[68.573887,-58.4543485] 280
[119.6191,-71.6203005] 280
[-43.218724,66.2432655] 280
[98.923611,-69.391298] 290
[88.598368,-66.573113] 290
[-9.681583,-69.715777] 290
[37.77638,62.6861355] 290
[8.290194,-62.940907] 290
[-120.680175,60.300424] 290
[125.112239,-70.8948015] 290
[-23.140079,-65.608361] 290
[-45.479528,70.1150035] 290
[-82.673749,57.241173] 290
[-51.900332,69.3331405] 290
[4.522146,63.7313625] 290
[37.431785,67.4133075] 290
[81.046204,-64.612962] 290
[-73.393991,-57.4871755] 290
[-157.353456,66.4961435] 290
[25.814668,66.137202] 290
[-121.383768,66.3630015] 290
[-16.671555,72.266455] 290
[-115.55101,69.887306] 290
[-8.29775,63.7794825] 290
[-84.581382,-71.969437] 290
[-69.802823,73.212911] 290
[-83.092769,-71.6301745] 290
[-139.82224,64.929634] 290
[141.561073,70.6948325] 290
[99.256827,71.3650745] 290
[60.863952,70.26561] 290
[18.042334,-70.52615] 290
[-130.869948,67.153006] 290
[3.843534,70.3251255] 290
[-86.103757,71.070641] 300
[78.643989,-63.7441905] 300
[-148.261369,67.02137] 300
[56.995196,-63.320225] 300
[-97.326672,61.691737] 300
[20.394708,71.903515] 300
[-76.095443,71.709495] 300
[-92.953922,70.3952335] 300
[-29.844722,65.886046] 300
[29.777269,66.237559] 300
[70.188759,62.923856] 300
[113.472802,68.2970805] 300
[97.90982,-72.3056765] 300
[-111.428853,-63.156202] 300
[65.074256,-61.696146] 300
[77.463739,-63.678839] 300
[-74.555035,-70.9986895] 300
[-120.26812,-68.9325955] 300
[67.430693,71.234708] 310
[163.186627,-69.781847] 310
[177.408288,61.40821] 310
[-57.832092,58.939172] 310
[-147.389695,-75.1008625] 310
[-110.321881,-71.707687] 310
[-33.138704,-75.0808195] 310
[9.69038,71.48697] 310
[-173.742433,68.895114] 310
[48.344215,66.58004] 310
[77.30892,-61.5220445] 310
[-123.356894,64.903371] 310
[-64.063851,71.544688] 310
[-92.173333,75.0963085] 310
[123.361632,-71.638027] 310
[145.942033,-68.3250235] 310
[-91.807357,66.2890815] 310
[-146.823707,67.1762555] 310
[119.538335,-64.40052] 310
[164.335854,-69.5935755] 310
[114.082807,-68.389166] 310
[-23.623302,-74.599164] 310
[47.844274,68.764216] 320
[56.600952,-72.26411] 320
[-27.63139,-74.222085] 320
[-61.191551,-68.9034285] 320
[-113.484649,-65.3026075] 320
[-9.156637,58.1130985] 320
[47.412407,-67.585085] 320
[-116.379272,-71.394401] 320
[111.894028,-68.4501145] 320
[-9.898614,73.4227105] 320
[48.597231,72.803896] 320
[-144.173069,64.3489445] 320
[-64.674604,71.564608] 320
[-84.934144,-67.3852915] 320
[-115.075012,72.986679] 320
[8.072962,67.8286885] 320
[47.551182,-75.117719] 320
[26.608295,71.8165915] 320
[49.486756,-66.593115] 330
[-26.580311,75.4634165] 330
[-113.294607,72.4066115] 330
[-155.407419,70.1820505] 330
[129.495673,-60.9214025] 330
[130.897124,-59.59205] 330
[52.878798,-70.762251] 330
[86.570308,68.2719985] 330
[88.294624,68.605566] 330
[136.234478,-72.4692165] 330
[-84.406668,72.6290395] 330
[99.91579,-68.9271875] 330
[-28.033344,71.6006235] 330
[-21.297288,70.639589] 330
[57.344526,-71.9378195] 330
[-65.065914,72.2016415] 330
[-76.011903,68.770736] 330
[-113.388159,-72.3423755] 330
[47.768587,-75.6222815] 330
[-167.415209,70.9160395] 330
[12.691812,-74.530879] 330
[125.679859,68.475216] 330
[80.093705,72.15571] 330
[-179.478431,-73.770002] 330
[-48.826983,-59.9725445] 330
[174.23685,-73.389281] 340
[-19.309786,-67.1188655] 340
[-96.068921,75.125754] 340
[-21.784364,73.8804485] 340
[144.861881,72.5411715] 340
[-47.988326,71.0579975] 340
[37.304808,72.562554] 340
[154.468145,-74.082175] 340
[10.391173,72.3929125] 340
[-170.076369,73.9748805] 340
[27.351416,72.503252] 340
[14.578199,71.8268325] 340
[62.373909,69.462581] 340
[101.54576,-71.611692] 340
[33.14949,69.467769] 340
[81.35458,-72.317081] 340
[38.304454,-75.608019] 340
[51.01206,72.7855415] 340
[73.6725,-72.1277605] 340
[-137.13901,74.9557265] 340
[-110.696674,66.598852] 340
[-128.195523,-73.5880025] 350
[-169.824529,72.7367735] 350
[-83.063566,75.226935] 350
[-61.417667,75.6162595] 350
[-16.86297,-72.895399] 350
[-24.635666,65.9681095] 350
[-146.082491,70.082707] 350
[-48.457061,70.952547] 350
[-111.191998,-75.545049] 350
[99.314146,65.8428455] 350
[171.169845,73.427571] 350
[-29.524437,76.575016] 350
[-174.537895,-72.328006] 350
[173.84903,-77.0038365] 350
[-40.032313,70.414789] 350
[145.314228,72.424319] 350
[34.578204,73.115336] 350
[15.405147,-74.2785225] 360
[115.272082,71.924135] 360
[172.218151,73.3734015] 360
[-89.673804,-73.1931525] 360
[-2.807891,74.742847] 360
[151.217407,69.953776] 360
[-81.122586,72.2482365] 360
[169.884537,72.1879135] 360
[-15.473848,-72.1624465] 360
[10.115649,-70.0369695] 360
[-105.506048,-75.7786965] 360
[8.099904,77.233397] 360
[127.91246,-71.655335] 370
[0.556885,-70.945863] 370
[24.831518,64.779384] 370
[-76.499317,-73.845923] 370
[0.606092,-71.4670315] 370
[-75.319737,73.458351] 370
[-144.523926,74.434992] 370
[84.515994,-74.0372135] 370
[-10.867444,59.430995] 370
[78.395575,74.3831905] 370
[105.359306,-73.868459] 370
[-46.85662,-76.084762] 370
[135.568837,73.5326715] 370
[175.53791,-74.9379675] 370
[76.18875,73.2186595] 370
[164.763963,-68.6237925] 370
[156.306234,-75.5379785] 370
[-43.577534,-71.648536] 380
[-50.309787,77.5213775] 380
[41.770121,-73.897238] 380
[-91.869882,-74.8938545] 380
[92.002568,-71.327669] 380
[-79.296939,68.9457755] 380
[-65.777723,-69.2841985] 380
[34.109534,75.222783] 380
[-63.368388,74.8996175] 380
[48.360131,68.5198895] 380
[136.037008,-75.1182465] 380
[38.520792,-73.8569285] 380
[62.268392,-73.5798505] 380
[-104.402324,72.728992] 380
[-80.340633,-74.0421875] 380
[67.216856,73.5766065] 380
[-143.379005,74.272549] 380
[-31.479965,-72.8836365] 390
[64.477148,75.114523] 390
[81.31328,72.7920415] 390
[-76.27118,73.990113] 390
[-37.266786,-72.963005] 390
[-138.456501,-69.7758525] 390
[-137.806003,77.2088995] 390
[-137.601649,-76.122186] 390
[147.425314,-73.325061] 390
[64.137709,76.0747615] 390
[-64.488079,-71.8866025] 390
[77.531727,76.9491425] 400
[92.865214,74.818186] 400
[-178.144124,74.7487355] 400
[-110.026356,-69.1743345] 400
[-113.196003,-76.7532095] 400
[-60.558346,-71.7735165] 400
[-1.550946,-70.744869] 400
[111.115632,-73.560193] 400
[-47.56127,-77.5992595] 400
[88.873063,-74.3390075] 400
[-139.083147,75.9825185] 400
[142.50409,-73.133319] 400
[13.25193,76.6783945] 400
[-19.158908,-77.93599] 400
[-64.675183,-69.653668] 400
[-127.202844,72.463636] 400
[6.028939,76.791189] 410
[37.581479,77.068415] 410
[-1.995184,-71.294418] 410
[-40.781984,73.006988] 410
[-70.418249,-73.800569] 410
[90.48771,-72.5227735] 410
[30.698587,76.447181] 410
[91.315373,-70.648223] 410
[-108.414031,-75.2682465] 410
[99.141477,-75.79344] 410
[-133.071091,-72.7657805] 410
[141.328532,-72.9459605] 410
[-36.579217,72.9699505] 410
[91.281427,-72.4475105] 410
[73.444225,72.0405045] 410
[-73.332598,73.252456] 410
[1.861925,73.7546485] 410
[-40.833492,74.604865] 410
[100.306226,-75.242296] 410
[-146.596213,-77.1834215] 410
[35.164335,-76.707077] 420
[57.725274,76.758111] 420
[80.093084,76.6775455] 420
[-63.079131,-73.1566555] 420
[151.922947,76.105462] 420
[-28.632176,-76.729983] 420
[-152.202599,-76.7173215] 420
[-160.335749,-72.2768] 420
[137.260018,-77.012074] 420
[-150.288555,-76.902852] 420
[-97.71245,-78.0309725] 420
[-105.117553,-77.3411065] 430
[-35.987807,-77.1302075] 430
[-64.670187,-74.342291] 430
[132.937826,-78.974299] 430
[122.800809,-77.8230205] 430
[14.029489,-76.7462175] 430
[-43.627085,-73.104421] 430
[55.34422,75.809158] 430
[96.956146,75.882171] 430
[-108.056802,76.9517275] 430
[28.613474,-72.8888775] 430
[140.676735,-75.8149035] 430
[41.721381,78.405027] 430
[151.329168,-76.163887] 430
[-94.274431,79.363678] 430
[-164.732115,77.829156] 430
[-146.971956,75.9834695] 440
[138.006147,-73.3956205] 440
[-11.078017,80.8673405] 440
[40.102426,-79.5229585] 440
[-103.86865,-67.6896895] 440
[-11.741344,79.0569985] 440
[-173.356511,78.600404] 440
[115.990716,76.1720445] 440
[-84.477008,-74.51146] 440
[67.076287,-75.5599925] 440
[144.323994,76.07091] 440
[-13.318665,-77.8313235] 440
[-159.836216,-74.478846] 440
[31.588158,-72.3742785] 450
[76.716462,-78.3464315] 450
[22.798693,75.6916895] 450
[-135.748754,-75.3497495] 450
[159.876586,-77.5997] 450
[133.484182,-75.4309805] 450
[164.20334,76.148373] 450
[113.064711,74.0998105] 460
[172.613441,77.007958] 460
[-51.031798,72.9889235] 460
[-105.640069,-74.892861] 460
[-4.091143,76.3042765] 460
[-130.108851,77.292154] 460
[-20.183282,76.341905] 460
[145.133325,73.6697265] 460
[-20.221347,-78.7738175] 470
[-1.382534,78.60801] 470
[-48.951802,74.1404425] 470
[-96.981013,-76.853377] 470
[156.785558,74.228503] 480
[9.039386,75.3861] 480
[-85.314669,76.346118] 480
[35.054932,78.400456] 480
[123.922764,73.7249965] 480
[93.709094,-78.347828] 480
[-28.134026,-80.838686] 480
[91.369269,-76.625451] 480
[168.471056,78.41878] 480
[-120.298151,77.071989] 480
[4.3489,77.478191] 480
[44.91764,75.065778] 490
[-153.316716,79.313073] 490
[-132.86571,-78.4568305] 490
[116.131211,77.045315] 490
[69.649552,-77.8700435] 490
[172.795704,76.2685255] 490
[91.918353,-76.706642] 490
[118.566433,-78.9336655] 490
[-136.405589,-76.996575] 490
[57.392901,-77.5429225] 500
[73.524678,78.170752] 500
[37.772547,-78.7822325] 500
[-68.087537,-78.7401925] 500
[-35.693819,-77.4453925] 510
[29.679699,-77.1704945] 510
[-123.794698,-78.569694] 510
[148.027812,78.5828105] 510
[-136.03304,77.7091655] 510
[-38.814512,-77.938967] 510
[-141.090079,-79.55658] 510
[-81.496209,76.143992] 510
[94.430823,77.7735535] 520
[135.473331,-76.354547] 520
[-15.025344,80.5219035] 520
[69.2719,79.2108505] 520
[26.166183,79.7488175] 520
[-89.03993,81.22128] 520
[-97.702781,78.088317] 530
[171.148573,77.578379] 530
[-98.435131,-78.561065] 530
[-136.906817,78.9688695] 530
[-154.487612,76.0249865] 530
[14.627512,-78.6054335] 530
[0.05454,-80.2615865] 530
[12.615479,-78.958704] 530
[-87.970858,78.8873715] 540
[-56.076537,-80.3390205] 540
[-179.561958,79.6485255] 540
[164.335399,77.5554775] 540
[-78.443866,77.5608555] 550
[-33.025895,-78.706889] 550
[-62.342737,-79.7180815] 550
[-88.316534,79.9849735] 550
[-40.377982,78.4787485] 560
[13.071733,81.2938715] 560
[25.691671,80.23859] 560
[-60.506175,-79.0164925] 560
[-12.817834,81.6204665] 570
[-153.956935,77.359908] 570
[-13.084048,81.6680335] 570
[-71.380565,78.4200115] 570
[-164.45545,81.108377] 570
[52.518358,80.284144] 570
[-74.239913,81.3689575] 580
[-174.378714,-76.840386] 580
[-47.966278,-81.506494] 580
[-116.95772,80.086548] 580
[107.138469,80.035145] 580
[62.61509,76.9683515] 580
[57.414585,80.1473805] 580
[28.687096,-78.3436285] 580
[-65.674691,-80.7174275] 580
[-40.507035,79.038664] 580
[23.637687,-78.4419625] 590
[17.135044,81.4857305] 590
[63.469568,81.4312835] 590
[-51.448436,-81.703705] 590
[146.862332,79.0013575] 590
[-47.550466,-81.7634865] 590
[37.147933,80.297909] 600
[-125.353195,80.6782925] 600
[15.044214,78.773234] 600
[59.699402,78.554252] 600
[-108.007211,-80.457465] 600
[-32.366147,-81.228758] 600
[-94.091653,80.5216475] 600
[-39.666336,79.047498] 610
[-153.968838,80.5056415] 610
[96.364541,78.6950565] 610
[10.284254,81.036012] 610
[51.396614,80.8989145] 610
[-49.012623,-79.4085345] 610
[-156.557942,-78.603966] 610
[-79.235627,-77.871679] 610
[-57.913517,-81.4504155] 610
[16.049929,79.696794] 610
[159.454817,79.201006] 610
[-115.837092,80.7404095] 620
[92.06215,-79.435334] 620
[-77.863422,79.702339] 620
[138.281507,-79.977004] 620
[-148.433416,-80.19847] 620
[-109.665064,80.046343] 620
[125.588169,-80.612232] 630
[125.236828,80.328762] 630
[37.770563,-80.3492475] 630
[65.200336,80.843548] 630
[-78.422239,81.795498] 630
[144.035334,79.453341] 630
[63.538402,77.933881] 630
[-169.075815,-81.146293] 640
[-107.048636,80.4313025] 640
[35.480674,-80.1701855] 640
[120.30172,79.8976175] 640
[-150.112077,-79.3597775] 650
[159.324703,79.040831] 650
[23.405716,-78.7391385] 650
[-83.640453,-78.342808] 660
[53.109426,81.054937] 660
[-119.803904,80.889326] 660
[9.975039,-81.410164] 670
[-17.468965,82.52052] 670
[-80.527642,-82.64368] 670
[-121.453443,81.051597] 680
[3.249895,81.084936] 680
[120.559793,80.776737] 690
[26.148352,-79.8428475] 690
[-86.917786,-83.524624] 690
[15.23627,-80.015842] 700
[-172.528082,80.95844] 700
[-170.966737,81.254338] 700
[-80.217241,-79.237315] 710
[25.857136,-79.3640435] 710
[-172.369308,81.342968] 710
[-127.597278,-80.8773355] 710
[95.750295,82.2346875] 720
[-67.950294,-81.6078385] 730
[63.683113,82.701775] 730
[55.179042,-82.242768] 730
[-90.218711,82.2529225] 730
[-126.783501,83.3047465] 730
[61.417,-82.619034] 730
[-148.785702,81.376976] 740
[44.745096,82.6303] 740
[-51.274229,81.6735585] 750
[76.950312,-81.575511] 750
[171.078697,-81.0697935] 750
[-80.946491,-79.982789] 760
[107.710357,-81.466396] 760
[67.228535,83.4813705] 760
[100.057211,-81.812856] 770
[-35.466743,-81.8795005] 780
[-59.796083,82.502742] 780
[-152.449193,-82.2052015] 780
[121.859128,-80.8430555] 780
[38.52788,81.9570955] 780
[-55.167346,82.112579] 800
[-133.688065,83.0347735] 800
[14.239521,82.5972575] 800
[-144.179588,81.564188] 800
[-105.117199,-83.9536965] 800
[-49.472665,82.1119005] 800
[112.955113,82.2398405] 800
[174.847732,82.4868485] 800
[-70.994216,-83.2809275] 810
[111.806455,-81.0763045] 810
[92.854466,-80.8423675] 810
[-130.622683,-82.7707535] 820
[132.18795,-81.5993025] 830
[-145.859336,81.6504325] 830
[-126.114533,-81.6305875] 830
[168.595097,-82.9236565] 830
[-43.327655,82.4983655] 850
[126.864272,82.677133] 850
[175.783464,83.18628] 860
[125.498718,82.5812225] 860
[85.720406,-82.3377985] 860
[174.348269,-83.3965385] 860
[-47.019106,82.284283] 860
[51.562535,83.4377945] 860
[-73.603025,-83.935525] 870
[135.249723,-83.6564935] 870
[-179.618032,-83.894186] 880
[-155.524487,-84.077441] 880
[-38.522184,83.075645] 880
[-128.815198,84.115538] 890
[-16.00923,83.234715] 890
[130.466922,-82.9423225] 900
[42.51959,-83.442566] 900
[53.890785,-84.037433] 910
[79.52373,-83.466614] 910
[-173.717381,83.462967] 910
[-162.477548,-82.9186295] 920
[98.662071,83.194886] 920
[170.827478,83.0732485] 930
[7.275538,83.5863365] 930
[-123.572102,-84.281827] 940
[119.285855,82.9103735] 950
[-30.367842,-83.6489225] 950
[-125.398032,84.884648] 950
[-151.764458,-83.3317695] 950
[-159.232785,83.4349135] 960
[-169.725663,-82.50216] 960
[-135.212301,84.3296625] 970
[-82.341586,83.6173885] 970
[71.651218,84.106866] 970
[-154.384695,83.3527445] 980
[119.222981,83.0900575] 980
[0.284439,-84.5534245] 980
[-159.389293,-84.8272345] 990
[85.636519,83.0634445] 990
[-23.680588,-83.9583915] 990
[91.079633,-83.1176545] 1000
[20.47753,83.5703345] 1000
[161.894081,84.2494475] 1010
[-89.42253,-84.962235] 1020
[-32.663163,-85.1474725] 1030
[31.884941,-84.729949] 1040
[28.746782,83.8659615] 1040
[111.175534,83.4639415] 1050
[-141.391036,83.8285915] 1050
[99.783508,83.584924] 1060
[-80.102411,84.7758325] 1070
[145.495461,84.706447] 1080
[87.95035,-84.183086] 1090
[160.379011,84.6327795] 1090
[75.129105,-84.486646] 1110
[-83.441366,84.550131] 1110
[115.428178,83.8058635] 1120
[8.005468,83.92282] 1130
[-71.196669,-84.5577725] 1130
[-176.234192,85.0933445] 1130
[161.911024,84.8324655] 1160
[75.872429,-84.9607295] 1160
[-133.555522,-84.4739485] 1160
[-99.389609,85.048474] 1160
[-45.31187,-84.789182] 1170
[153.319943,85.5260915] 1170
[-99.232776,-85.2505115] 1170
[20.453656,84.0635585] 1180
[121.405586,85.5785255] 1180
[-175.916497,84.49082] 1180
[-71.589587,-84.7901085] 1180
[178.014034,85.0742995] 1180
[43.474821,85.5946495] 1200
[-172.631045,84.7331085] 1200
[151.200359,-84.8522225] 1200
[-146.56816,84.594144] 1200
[-27.883043,-85.4683545] 1200
[179.778311,85.5432365] 1240
[32.938753,-85.1648865] 1250
[146.238658,-85.8209605] 1300
[102.385373,85.3907615] 1300
[-118.214501,85.924977] 1300
[98.455464,85.330833] 1310
[156.068403,86.09423] 1310
[119.266085,-85.2466675] 1320
[170.706492,-85.149302] 1320
[53.943394,-85.4234515] 1350
[156.390862,-86.0880135] 1360
[88.469007,85.3598535] 1370
[-62.647384,-85.811034] 1370
[174.928368,85.7756195] 1380
[-50.438478,85.5354455] 1400
[-78.349336,-86.3145305] 1410
[-146.121832,-85.506277] 1420
[26.631606,84.8160765] 1420
[136.183868,-86.1999485] 1420
[-164.866005,85.7622495] 1420
[27.755528,84.8745415] 1420
[176.161295,-85.729044] 1430
[-39.180307,-86.1620155] 1430
[111.716716,-85.3746915] 1440
[31.917204,85.291793] 1460
[-0.234946,-86.0948995] 1470
[-12.295584,85.3348785] 1470
[22.849206,84.6586435] 1470
[163.484556,-86.1392535] 1500
[88.053457,85.6647145] 1510
[-6.078949,86.21687] 1510
[-170.109511,-85.72992] 1520
[-166.808128,-85.778377] 1530
[-86.583157,-86.4214395] 1540
[95.729947,85.8288425] 1560
[56.640654,86.096945] 1590
[145.082929,86.516909] 1600
[177.978923,86.512292] 1610
[58.017304,-86.0682325] 1610
[70.179283,85.921195] 1620
[28.728656,86.159749] 1630
[-1.383094,86.581227] 1680
[53.407047,-86.345188] 1680
[-162.018317,86.6700195] 1710
[-15.515146,-86.60294] 1720
[119.098869,86.771283] 1750
[122.757908,-86.563513] 1760
[2.676633,-86.595511] 1780
[-10.926208,86.9182255] 1790
[-82.062302,86.5744055] 1790
[-98.969034,-86.921023] 1800
[-96.06303,86.8403365] 1800
[-122.55047,-86.765326] 1810
[-100.887747,-86.954715] 1820
[115.481405,-86.660989] 1850
[97.793372,-86.884008] 1850
[26.435476,87.078215] 1860
[-58.6738,-87.34213] 1880
[23.572892,-86.7484185] 1910
[-149.637553,87.011652] 1910
[-17.577103,86.9644385] 1980
[-93.834356,-87.276258] 1990
[-89.9721,87.2857895] 2010
[-110.391075,-87.2426205] 2030
[-78.558415,-87.422349] 2100
[81.491801,-87.455849] 2110
[-25.080095,-87.1950005] 2120
[34.678845,-87.015272] 2140
[29.901149,-87.060167] 2160
[-31.52199,87.211189] 2170
[-9.124296,87.4305785] 2210
[-112.325004,-87.446443] 2230
[-20.87478,87.339197] 2270
[-147.154114,87.55342] 2330
[-158.658506,-87.1984415] 2330
[29.285545,87.515297] 2380
[-107.466467,-87.6232675] 2390
[-140.06635,87.6847275] 2410
[-9.125908,-87.4863505] 2420
[-30.162173,87.5297055] 2450
[-86.908074,87.705572] 2460
[-36.327291,87.5343825] 2480
[-33.230306,87.6459275] 2480
[63.638108,-87.708828] 2550
[153.564055,-87.745292] 2610
[59.559112,87.3402935] 2630
[-118.727944,-87.866239] 2770
[-151.057586,-87.774231] 2780
[15.328619,87.9529685] 2870
[179.100506,-87.7708675] 2870
[60.012135,87.7568865] 3070
[-122.01677,-88.0178975] 3070
[44.768932,87.9430515] 3130
[160.991968,-88.0239255] 3200
[144.146133,-88.0471645] 3210
[92.095101,-88.1418615] 3250
[22.740932,-88.0959685] 3270
[-10.14702,88.1536575] 3350
[-21.183708,88.1190765] 3410
[10.010509,-88.127434] 3410
[-14.411512,88.239904] 3700
[-157.600374,-88.299459] 4040
[12.505307,-88.374018] 4170
[-10.793011,88.4460915] 4540
[-163.606275,-88.4617615] 4540
[-161.280179,-88.4744715] 4620
[152.859128,-88.555887] 5220
[-54.652292,-88.592856] 5400
[-94.030622,-88.7861505] 6070
[-102.838909,88.8398065] 6260
[11.54002,88.7437905] 6370
[-113.297363,-88.892881] 6570
[55.567777,-88.965621] 6740
[-67.963059,89.033284] 6800
[68.945783,88.945656] 6990
[-77.404617,-89.1065515] 7130
[-21.345782,89.05578] 7160
[59.654336,-89.138078] 7170
[-60.549881,-89.210655] 7220
[145.378446,89.1500695] 7240
[-74.638035,-89.2438435] 7310
[55.745998,89.205785] 7440
[-48.130949,89.2827535] 7440
[36.69249,-89.331837] 7480
[20.065748,-89.480051] 7570
[176.220835,-89.35369] 7630
[-78.223911,89.4651495] 7630
[-14.235355,-89.508124] 7750
[137.949169,-89.5063845] 7800
[-100.579578,89.6191645] 7800
[-50.199361,89.543505] 7820
[176.234061,89.779758] 7850
[-171.305268,89.7472225] 7880
[-36.711331,-89.8457975] 7900
[-67.775288,89.6913965] 7900
[63.664183,-89.8342865] 7930
[-7.241496,89.7577595] 7990
[165.101314,-89.5773525] 8000
[-88.968229,-89.9015765] 8010
[-158.079934,-89.968107] 8040
[176.8371,-89.9649385] 8070
[86.778766,89.8618275] 8090
